315
6081
2335
8527
9844
4158
8361
9208
1376
5276
9912
915
7120
5852
6226
7650
2329
6648
7814
9951
3891
1265
5137
4541
6288
1369
5743
367
3946
6950
1404
2769
2433
3693
9815
7047
8738
8714
5432
7539
9430
8420
99
3750
7158
7258
84
7614
5120
5992
6139
6091
1116
3991
8014
2777
4764
8708
5101
6587
2132
1372
3293
6724
3102
4988
479
8989
2805
9006
9138
8597
8273
8478
4544
1733
8440
3222
4820
1718
2128
3051
4337
3011
7097
8331
792
8076
229
5846
8945
860
3386
5553
8446
8903
7763
5820
8588
6721
7827
3174
4680
9483
8721
129
8399
9826
742
4389
9434
1900
4577
2545
7931
2168
7701
869
180
9382
7898
873
7469
5912
6957
4123
5968
766
2610
5987
1110
5337
5474
4670
9136
6293
1131
1515
5129
9150
7937
3480
597
2803
4862
9796
3540
3874
5862
4834
7836
6783
7471
3966
9833
2027
7639
1480
5241
5269
6312
1471
3589
1895
9940
250
3371
2152
2377
7915
1719
8274
3659
2636
4883
3127
3932
9012
9117
3649
7341
4096
1790
1553
3073
6855
3420
6621
6557
5160
328
1329
8695
7577
7165
8692
5367
3887
85
4284
1860
8710
3160
8547
3046
8878
501
2425
2181
6085
6460
4423
334
3918
3800
8024
2310
3041
304
3513
5956
717
4806
9926
7423
3108
7118
9004
2235
7256
4855
2886
4505
2029
9669
9847
8817
4969
7483
5783
4606
4741
9543
596
707
5763
2139
8451
8010
631
4998
8785
856
3868
1150
5517
2388
5792
4042
9014
5498
5055
7504
1391
1027
9838
9960
6925
38
2611
9609
3280
6160
5908
2455
8207
3341
3559
775
2291
5916
5832
3176
1029
2292
2804
2456
9267
9000
1107
9390
4166
701
6499
8837
8111
3747
3488
1320
7929
7318
5428
8756
6456
8199
3521
2170
6380
2631
371
206
9782
4947
6996
4626
2245
1413
2042
4341
1805
5070
2019
6778
8113
8674
2932
3684
8806
6193
2961
963
3358
8435
9409
4269
4441
5539
7480
5271
1611
2495
9528
5732
3814
6355
8139
4403
1832
5011
9781
8052
4020
1379
7234
3813
5970
9784
1813
2573
8904
6180
5701
5477
53
1367
4832
520
204
1689
9864
1870
2829
6633
6661
6381
6334
3861
1168
9811
7849
1297
7373
7025
3043
8533
3543
6031
8475
8918
9498
4727
8025
6452
419
4639
1068
4483
4521
370
8306
2386
1132
3301
3179
5716
2250
7339
8703
728
107
2625
3070
7921
5260
6432
7627
911
3978
917
6418
7635
7442
2627
6697
1080
3832
8062
7403
7300
2801
6495
5264
9927
4955
3425
4419
8815
7062
6147
3700
7438
4094
9921
5892
3709
4128
8251
7738
4243
2718
9213
6831
1208
8686
8134
6098
4898
3998
8213
1965
4678
7671
3930
7472
1078
2962
9868
559
4958
5655
7266
7625
5259
276
6394
2599
4728
8679
1709
3184
2267
3556
8523
6305
1079
7889
2344
8537
8959
9237
3631
8488
8159
8250
1322
630
8780
1551
6504
7649
22
583
5558
3676
1879
3147
9884
6299
4876
382
2148
8648
2773
5833
1328
9086
3207
7128
4311
2208
7868
1304
9053
1335
6454
2703
115
88
799
6266
2666
4477
8466
6745
9728
2334
7050
1702
6216
5715
1995
2109
1853
4211
1123
8619
6125
9397
6415
46
8778
715
7134
8581
2422
3943
1548
3959
5854
8342
6010
3819
3602
7724
1834
454
4296
145
7612
1235
2468
2796
8499
2273
7845
9068
6476
32
7802
8683
9506
6717
2315
6559
9608
1104
785
6156
2494
2515
7880
7173
3361
2063
7060
2490
1746
7031
1810
1960
5414
2870
9570
2594
9511
2236
8749
8961
5368
4059
3922
3735
2079
2632
9842
3525
9413
4603
6338
3081
9500
5744
2532
4171
6115
1743
6096
8947
1993
4449
2452
5989
5789
3211
5797
3674
176
3892
8574
8559
9120
7669
7206
2913
4113
9312
4696
573
1363
2485
4737
9307
9800
3976
7242
8548
1445
7123
6994
2308
1385
8809
509
3352
7913
386
9501
3576
1117
5982
3237
2847
7082
5509
2724
9392
9091
1680
9318
9272
2772
5157
6824
7954
4657
5063
965
2970
3463
549
3304
4576
8910
7661
1579
3770
9955
8954
2945
8377
3503
1220
2685
7622
6363
5626
5742
6094
8722
416
6516
914
2875
7834
7009
1838
8831
2015
3078
2577
3660
9332
964
863
4662
5918
128
4188
1930
3295
2036
9931
1625
3661
8940
6365
5097
978
7293
7371
1233
239
7862
9132
5118
4448
3010
1829
3903
9212
7904
305
1059
6138
5567
2659
7560
3443
5906
3655
4865
5642
6597
2479
1661
6853
9406
271
4546
2775
8227
7016
5853
5586
7364
3204
8211
9577
7618
6214
3669
6372
918
2557
2593
3131
8827
9744
9857
1543
64
4491
9881
258
1804
1298
6930
942
8462
4743
3575
9357
8441
8681
886
216
3219
7277
7819
9558
9383
7982
9930
100
1245
7399
8832
4644
5534
3370
4069
9510
9007
621
5244
9405
9220
7335
1307
1749
661
2173
8154
666
8405
1198
5058
8278
2018
5007
9519
9416
1048
3190
2281
1144
1018
5297
706
6949
7906
8012
9619
9538
2138
4976
1386
8099
3847
1894
2526
4193
6712
3332
6664
6895
691
1133
8628
4692
4172
3964
773
3080
750
7283
1330
5591
1447
9455
1275
5592
5541
1728
4604
2822
4853
2195
9821
6472
8326
7445
5378
667
6629
8260
5849
3598
75
4085
440
8208
5713
2031
7585
244
6117
7678
5323
695
4125
6192
2084
4965
849
3565
8900
8481
2525
7918
9943
5216
1153
5027
1644
8881
9493
7261
4067
2633
2408
6080
3438
1880
8664
9214
2682
6444
1893
4291
4111
1489
7643
6416
1239
4688
1847
6323
8534
898
7731
3881
7420
2065
3823
7149
4221
9969
9095
8830
9449
4816
8724
452
545
5078
4231
8985
225
8011
2967
6653
9834
854
8398
9135
1084
2543
7273
5654
8840
9008
6261
8955
1901
4822
7676
397
6471
3859
1884
5338
3136
7346
1023
1786
6224
5930
6889
8879
2307
2730
6089
8220
9226
822
5194
1149
8870
4522
6302
2510
3711
1162
6038
349
8885
9133
1292
3835
5386
1967
9448
4917
9482
2094
7908
401
9368
4888
7072
5030
8184
1816
178
1946
3701
9017
8866
5295
5196
8862
1365
7369
5442
9234
7360
558
2010
3755
2583
2547
3320
9660
9147
6189
5051
599
604
6427
280
6260
8821
2921
5010
6129
9720
4669
3639
4252
4401
3608
3316
9407
9422
62
7085
1167
1953
4666
1886
5503
4857
8803
5481
1878
8877
8238
3775
6598
8057
1429
8122
2153
3087
8124
4776
6655
3873
3769
7347
9843
6675
2289
9329
4587
4217
7816
4617
6237
1858
2503
4381
4582
2637
4190
8001
8133
651
7784
3383
3910
7125
5351
1310
2607
6488
2477
4498
3778
9652
9024
8018
4308
6618
7721
810
4035
278
9890
2999
815
2926
4018
402
3864
1300
7421
5475
8069
5028
1278
306
5613
618
544
2436
207
4435
3561
8787
8744
385
9886
9526
7020
6384
4379
4278
2922
8875
4570
6462
4476
3031
5213
7179
7939
4415
4971
9794
986
2346
346
3774
2868
2296
3021
2617
1022
8634
8845
762
4471
5697
904
6235
1267
2958
9186
6505
3359
7071
5253
9579
7563
4565
21
8415
2011
7111
2342
3934
6169
9249
1020
6239
7271
2892
5570
3220
6375
1353
4717
9773
9618
7169
7799
5673
8823
5785
6580
920
4258
8956
7684
6911
3019
293
4058
6646
4282
5138
3454
3908
5189
692
9545
7623
2542
9774
8511
780
5046
8176
8856
7437
8080
3227
414
2987
8583
5103
5839
6826
6910
6464
1760
5929
8942
265
6908
5036
2754
4460
5760
7854
3255
1325
784
4266
690
4261
4204
8348
9623
8187
6993
8
6221
6243
5757
3706
295
4216
5794
3572
467
9789
2808
1155
310
9458
4145
1595
5963
8794
5728
8589
3235
8993
9678
9536
947
200
503
5014
3844
8210
3084
8079
3644
7368
3477
6241
9971
7679
8626
7015
1339
1182
7431
130
2088
8715
5851
1937
5809
3837
5421
6627
211
7959
4600
4025
8690
3993
3652
4174
2450
6932
1105
655
2896
2454
1731
7693
5891
2369
9113
4949
466
2924
7558
5699
8130
7935
1317
2854
8171
2055
7875
8650
9192
9224
2089
8568
4220
6000
2070
9920
2253
757
4847
157
9018
5977
8500
9485
933
3816
3173
4870
5086
2554
3180
2844
6902
6128
905
9655
7803
8965
6536
2232
1140
4234
2285
8644
4495
316
341
456
9642
5827
6483
7719
3732
2269
5709
6659
5888
1085
4656
9685
8528
6411
9624
8610
9829
7572
5895
6259
9484
7778
2941
6982
2863
9798
5035
9043
9457
5587
6212
5818
5791
8927
788
3137
8181
1594
7683
1982
1994
8356
1142
7692
3585
7709
6686
3338
3208
2678
4782
5000
9610
2835
2444
9598
3501
7486
6898
7670
837
7524
8496
2227
7840
5108
4431
8333
4704
3008
8382
6443
4434
8179
3069
6672
6171
6894
9888
4206
3900
4610
3924
6705
8658
9172
7098
8411
4319
2732
7601
3970
3015
885
4370
1268
9048
3489
6099
9850
2294
5550
313
8237
6332
4212
1423
808
3185
8023
7466
5172
1640
7801
7415
3267
7590
7108
6542
6500
6938
3926
8684
3453
9690
9711
1409
210
2813
2860
9561
2416
4102
1704
2940
4518
323
1755
4560
4840
3307
4317
9181
1060
6142
7333
5212
8364
2740
2324
437
8858
982
7156
9688
8848
9630
9052
4461
2668
8400
3619
6230
5001
1989
960
7054
471
4874
1842
1549
4474
6449
4404
9408
9568
9597
6912
7387
7901
4891
3265
4637
8437
5247
5871
619
3123
2605
8646
1343
4699
1169
6755
9425
7881
2680
5381
7144
1387
7006
4809
1735
4410
3243
2780
424
9735
7992
4607
6398
2905
2012
1357
3858
6223
5003
8538
1744
552
1785
3776
8553
4714
2561
6694
3551
2074
5494
2124
7452
1309
5939
9853
5988
1824
8174
1928
674
5669
2437
2179
8375
547
5984
6534
5807
6704
9550
5880
9290
1164
9514
1194
9029
6590
1012
5662
875
6506
606
8776
5618
3178
6470
168
5142
3643
3950
4178
8096
340
6636
6857
6707
5319
5979
2776
4277
5521
9189
9443
5064
590
2931
3038
9557
8694
4618
1768
9870
9539
5121
6069
538
6583
5293
1270
1454
7703
7713
3475
3668
6769
3340
4088
4895
9724
9810
4062
7209
6829
7095
6017
1998
9668
9900
6682
3956
7219
379
2182
2434
9941
1590
3537
794
3957
3251
4627
8304
7914
563
4795
1715
2354
4040
7492
8595
6835
9447
9674
2302
27
7963
634
6341
6351
7855
6056
4725
7013
1697
684
4742
4267
5668
3702
375
430
5330
3633
5985
7856
6919
3234
2506
4537
5881
2589
1806
4162
6751
1382
9141
3520
55
1333
9324
7761
6934
744
2843
122
6040
1183
6188
1948
5366
9919
1073
7978
8152
9438
7465
93
1659
2697
470
9851
5677
7197
8061
6715
3856
6007
5489
3196
5174
7065
3609
1381
3230
1750
3144
4027
5530
1767
8886
5631
7397
4304
5205
1657
3305
6300
3442
6980
2925
1047
3522
6140
74
2130
9718
8430
9291
8123
6182
9452
7127
7063
285
3018
2989
927
3846
8365
2481
5529
5602
1778
7313
2237
4906
8281
5324
9759
1910
7924
2736
4272
6781
68
1527
3322
8693
5307
5314
6819
5397
9404
338
4568
7282
3171
3517
7965
2283
747
1106
9622
449
1011
4698
6744
5733
7117
5209
3058
54
6959
2809
4738
3638
2161
8162
5838
7568
4523
2564
7748
4002
8107
3014
5342
4520
4287
4683
2142
3911
3621
3531
812
7244
1136
7405
8857
2052
749
4194
2113
7152
5801
3984
4975
4021
7640
4371
7735
327
8444
7493
3697
7281
6999
4440
4191
7922
2604
301
3794
8102
8032
2533
8914
6289
7028
2336
7051
5864
2086
2305
9106
2712
162
4884
6873
9492
347
9376
9081
6820
2112
3
8842
9028
5102
8236
912
9709
7691
2957
9342
4646
3578
6440
6966
9467
7501
595
6181
3412
7223
4493
790
5365
3719
7858
7569
3076
2828
3622
461
2266
4169
7464
35
5329
5810
4547
768
5966
1800
4013
9217
8615
5249
2812
3333
5799
3292
5400
6767
4632
9980
3104
7482
3515
6893
6286
1481
7090
477
5656
1259
5579
1128
2909
3573
7764
2993
6519
6320
5627
4473
7654
9529
4918
7928
7666
6378
5692
9541
1269
2630
134
9176
9807
8811
7428
852
5294
8167
7813
5927
6891
4652
3287
5361
2985
2590
1672
6630
1938
1664
6640
1577
9520
3780
6370
7045
5969
5767
343
1247
9521
9309
5753
4605
3033
5409
9035
8267
3600
5132
4155
8164
694
9760
3580
3181
3197
5325
7164
6817
6935
1711
8567
5666
9804
778
9450
7817
6354
9130
6200
2695
5468
3883
5776
5769
2563
2550
2696
5819
1319
880
5745
9905
5029
9295
2591
6063
7729
4061
8614
7781
6436
3424
3985
7410
7810
9580
3334
9031
4649
9899
705
227
2475
6726
3094
9995
8570
4124
4769
8414
4176
8432
7867
9542
7717
5375
2516
4797
2799
3465
7012
9604
9741
9613
5052
4463
9343
1656
8824
4748
4180
8706
8334
1721
5770
1284
3215
5439
726
1100
2872
6033
8389
5787
6622
2396
3378
9232
1643
6158
8268
3893
4763
6275
1885
5445
7988
4900
2426
6759
6577
2389
4825
8343
4107
4720
6700
1217
9032
617
5994
6222
7385
6082
8093
9472
2788
7522
7390
9523
3637
4961
5354
2126
87
5561
3483
6124
8743
9738
8846
7342
2068
6229
833
3616
5903
1528
5564
3872
8002
5779
522
3063
9246
8839
8934
2640
3248
5608
3613
3066
817
8328
6204
9364
4119
7396
444
2621
2360
7414
7890
7460
7175
3225
241
1636
4470
7233
4026
589
3791
5691
369
3690
2151
5700
8723
9239
1290
376
1914
483
9474
4446
7983
8395
6093
3988
7989
5548
7815
5822
7311
9687
2842
4057
30
3308
2939
3641
1145
7616
255
9535
1850
4808
9334
4409
4279
1862
7566
3067
8540
7309
464
6696
8170
8731
4254
6692
6837
4614
6052
4572
8131
8587
1388
7467
6806
929
3117
5578
463
934
9882
8771
896
166
3779
1097
4713
398
4791
5356
8515
2254
2005
9907
113
2220
5161
8059
1616
2951
6531
3870
3532
6400
8779
2851
1485
1538
2513
3419
187
3110
7136
4681
5698
4313
2092
7444
9010
7205
9415
8580
1581
2146
1327
2244
7299
3804
8764
5219
8922
5681
131
7354
1092
4136
2127
472
3777
1175
299
7589
4395
4721
3506
7608
5203
4959
3286
8255
9714
6833
5950
8566
1512
4997
7891
6588
1218
3566
5902
9153
8295
7822
2205
7157
9140
4671
8766
1112
1817
7463
6665
2083
8359
5420
2612
8319
7907
3538
675
5768
6526
3647
1758
9333
3306
2997
6335
5251
9797
4967
7753
1216
6886
7961
3973
8075
5376
1507
9636
771
4566
2986
4589
4904
4205
9297
9962
6732
49
4826
4233
5060
2044
7997
393
3889
8228
971
4241
2117
7441
9599
4554
9175
3673
2918
5598
5672
5959
2240
1407
3149
8739
3986
2673
146
4455
2332
1826
7083
6709
6088
2020
8035
3940
1058
1093
9300
9089
7048
7972
5230
3979
9863
8464
2575
1004
4314
5782
711
8915
4185
5605
2382
7800
1215
1632
4422
2365
4091
2954
5843
977
1633
72
6090
7315
9531
1713
8247
2304
8487
4798
2282
7226
6848
8765
8067
4173
5581
2233
1857
4928
3824
5858
9460
7667
8127
9527
5493
6752
7010
5106
7850
9158
6122
174
2794
67
3091
9865
5998
9631
1821
2375
245
6698
8048
3796
789
1108
433
1486
9949
5736
9944
8155
8576
6498
1384
8520
1863
7092
4761
8056
8781
6170
594
6812
1831
5647
3345
4924
6703
1812
3481
6023
7550
6563
4247
1074
4985
8291
9345
6729
1050
2669
4312
579
3901
9243
2340
5790
3737
2998
5883
2421
5090
6100
7388
2592
1638
6185
3162
725
9780
7280
7694
8094
4462
4175
110
8209
2356
7148
4090
9977
6348
9148
8074
4658
8687
6101
8235
3555
3882
7786
5327
1043
3471
602
4500
3354
9676
3536
2064
9892
7159
7876
9180
1473
1951
2760
761
9817
2440
8185
5735
1331
1798
1075
8289
202
8265
171
5250
7458
6153
8008
194
3282
598
6508
6003
4844
1941
4653
551
4673
8593
4131
2529
5045
423
8439
2430
7052
65
6888
608
8561
8191
4385
1483
9512
7024
6543
816
9491
5676
6789
8166
7110
1440
2177
3485
2823
633
8095
6739
7459
9639
865
1156
7624
5268
6512
4406
7080
10
5719
6874
4082
1631
8981
6861
5589
7502
3055
4338
1583
8946
2032
4812
8713
3254
9197
6870
1147
5016
2419
224
6428
1067
8924
2047
3713
2362
2125
7932
3203
2172
447
6520
8053
8884
373
2614
297
9533
6558
4472
9766
5093
3849
5379
6865
9583
1677
4677
2405
4439
1655
1414
645
4643
1827
8491
6108
2849
2735
9360
657
5491
6387
5869
6972
4799
9111
9764
1472
9107
1066
1174
8526
2692
8197
252
2914
126
3626
7182
60
1671
4442
5593
1584
4285
2380
4801
9420
6660
9209
4154
6540
9723
5781
8077
2230
8872
4265
5559
9755
8407
4592
6315
281
1438
9421
2995
4209
2646
296
1830
9365
6529
8689
4349
96
5865
6055
8994
50
7355
3135
2665
5705
6066
1030
2238
1006
1456
2339
6126
4977
7733
961
1788
5443
5359
318
2711
3687
1869
2062
4711
455
6403
9278
2280
4377
5364
2900
1458
4935
8330
2330
3391
3133
9712
4095
4504
8746
2791
1346
1532
1089
4047
3574
3436
2938
3688
7755
8231
3486
1865
5298
9785
2191
2387
6663
7367
8286
8801
4850
3487
7348
8157
7788
5921
1627
1628
732
9170
1354
3279
6792
6662
8562
3752
6795
9199
243
8201
4596
3153
8434
7468
7690
2331
9903
2349
8662
4682
2313
2417
5092
5320
9326
3189
2706
3384
3226
1840
7864
2098
676
1374
8834
9945
835
7430
4214
5729
8995
859
5305
8657
1113
1237
4633
3146
6997
9574
6336
993
9166
5067
9203
7426
4531
9517
3935
7956
6720
4944
2306
1340
9775
7036
5802
2100
1970
3583
9077
5831
5775
4230
2694
4663
5263
2569
8021
5449
9644
2198
4077
4703
3568
6970
7487
654
5098
2123
6544
5847
2887
796
5741
6530
5574
1688
8758
3550
9046
4482
5288
7602
6986
1448
329
8698
9293
866
995
8479
3915
1588
2368
6431
11
5469
6509
2606
9625
289
2150
9816
6784
9178
4545
6078
7001
1103
7362
3323
1949
9866
9134
9651
7792
2059
6207
1964
3052
395
3623
8586
4011
9235
2792
6438
5347
6114
7245
3698
1014
9585
8293
821
3049
514
7331
7200
8318
1925
9393
2884
2571
6106
4845
6075
536
6975
1422
4807
6095
3758
217
1991
95
713
7251
498
4852
193
2102
431
9671
7395
4294
9207
7248
291
953
3795
5239
8825
2333
6283
3499
3912
9730
6423
8707
2023
7338
4270
3717
5296
2608
3724
6657
2311
2366
5687
2298
1254
8603
9765
5738
5905
9722
3006
3365
445
1425
4532
1010
3547
8696
4236
4765
332
1916
3672
3182
5425
7534
4785
9001
8445
5248
8044
290
5389
4609
3535
7636
8305
9473
6304
1710
7923
7099
5695
3948
9215
7832
2683
57
9402
9910
2691
3288
9198
9009
7088
2699
8426
1844
7722
8651
9348
9131
6701
6572
8060
2752
48
3059
1049
1487
644
3680
850
9646
3955
1932
884
6733
9726
2707
3314
2449
462
1651
6818
4624
5525
486
5702
1266
6447
8335
5348
7825
3782
1129
5153
5938
344
5464
4157
1013
9139
6035
1371
1600
2650
2638
5275
6643
9328
3224
1693
378
6177
9649
5610
3645
1610
864
8314
101
37
8007
2049
413
8631
9429
5661
8363
876
2176
6144
9993
8098
213
8509
4803
6566
5878
2411
3601
5430
417
3326
5898
7749
8459
7762
26
9030
8374
8514
6032
4135
3699
1111
992
9547
6013
7770
3397
6186
5899
7700
8642
9915
8808
755
2797
151
3053
1451
9051
3999
2540
3851
9109
6195
3392
557
3803
8455
1024
7808
664
6107
3896
116
5231
5703
73
2535
4901
407
3423
1975
4620
2755
994
9929
3977
696
8351
2082
9727
4300
2507
2783
9391
6277
500
4302
4148
7829
9873
1514
4454
1699
2461
6606
6570
9090
4184
7198
9088
3329
104
939
339
1493
7121
2972
8085
5675
802
5590
7250
7971
3016
6001
9948
3474
5500
3635
8998
5056
2601
1294
5872
8384
3362
7440
1431
1282
120
883
6649
3630
959
6942
3548
9845
5659
1007
1990
1626
6292
374
6852
616
7591
9162
8242
7252
7515
4165
3388
4970
2787
5444
152
6931
2003
3029
6493
7289
197
7212
1783
1286
7672
2779
5910
2671
2370
5015
3353
8362
2729
9280
2194
1063
3403
4929
1920
6879
1062
3096
9950
6219
1402
6366
3890
7274
4613
155
7912
6992
3682
3467
8072
2687
3118
7543
4585
7538
6042
9306
8975
4758
1349
394
1195
215
2933
8429
3013
1966
3899
2982
1025
5033
4734
9036
8467
2318
5107
9480
7628
2624
412
4693
515
3869
2586
3192
4451
7695
1293
6067
1567
5817
5182
2544
3376
6596
4868
3925
5187
9259
3727
1918
3753
350
2686
1171
2723
7943
1274
6814
4956
114
4068
5211
9740
5748
9680
8950
9894
5382
2257
9748
2472
5747
7314
580
408
1178
3757
2555
7668
2748
1204
2956
3156
9085
7603
2393
9791
3871
7269
188
5900
1488
8931
2201
1903
7839
8697
6280
6435
3193
7955
6352
7208
1244
5188
2169
4215
7476
496
712
8543
2162
9607
2156
2119
5796
9590
2060
9371
5496
9563
570
1094
3068
1605
9799
6677
9770
9612
1724
2081
4664
6923
7859
3298
7730
7324
2747
5518
7019
5619
5641
9005
611
4882
3504
4362
5317
5094
3763
268
9174
2888
4331
5964
5236
1202
6187
4066
2007
9344
7975
954
1484
806
4290
9098
7519
4974
8775
4866
5128
753
7359
5944
7170
8279
8645
7457
9495
6029
4945
6609
3229
3206
4574
6328
5240
7030
5749
9584
4635
4273
1403
5318
4421
7074
2960
9957
1621
4417
2379
1917
3748
1470
4083
3787
1279
4009
6903
2771
1389
1069
1428
8474
7809
8477
8665
3263
3500
9822
7456
7725
2709
3742
8217
7064
5951
7133
1077
7298
2071
4456
6716
6574
2066
6339
1491
966
201
4718
3512
7434
3116
1421
1032
2891
5177
7508
8835
4072
7878
8138
8941
7210
3107
352
1927
8039
5463
2836
6331
141
8655
273
7948
2293
8041
7450
420
2969
7575
9554
3761
3236
5601
952
1874
5526
7512
6494
5580
1360
3729
3319
3902
9922
4075
3468
47
1314
1685
3798
8501
2845
5066
3650
7718
3143
5995
8582
1773
6450
9389
8602
6310
1511
6933
1954
1243
5345
7681
492
3653
6830
9157
8163
638
2524
7408
3642
4340
5993
5965
212
4942
3039
5422
5597
9231
5566
7370
8782
4475
7078
1238
5834
7322
7189
6028
5291
6589
7496
2410
8705
9614
9763
735
8754
1781
6947
8531
760
2878
4623
5925
891
3430
8117
3579
411
4715
1707
4149
730
5079
1909
2837
2739
4672
1851
508
4634
2192
7021
581
2309
6049
9603
9451
8226
970
6070
5664
4198
7278
1457
3380
5256
7831
2649
8416
4744
8015
6711
8084
3336
8071
9339
8332
3044
6281
4926
921
4939
7760
7807
3261
577
1408
1705
9530
4330
5803
9023
1193
9958
2014
1913
2689
3020
2407
1057
3895
7998
8367
4259
5512
9788
8791
6939
33
4342
6825
6623
1432
2058
9737
6650
1468
9301
5031
8471
2442
4039
2975
4151
7167
2414
787
1264
136
1460
1729
3045
3829
4262
9019
3374
4913
8616
6635
4909
4873
981
2667
9080
1814
4502
731
7833
9367
8410
1822
1498
2000
9825
1291
9803
3810
6225
6924
2299
1877
4879
3258
2866
8115
5357
9230
6882
9835
7091
8244
443
6836
870
8623
7218
5552
9615
5044
1592
6240
1257
3744
727
9952
9856
8871
4365
2946
4930
3836
2488
8019
4192
330
4424
3790
6015
6535
9097
3268
8183
9356
6510
6718
2263
791
6388
5018
1336
9025
9947
4923
6669
8625
996
6059
6737
1956
8606
7841
6276
3972
8443
7376
4051
8611
5184
7791
7232
2463
3246
1121
8311
3311
841
3665
5542
2499
2570
6324
8996
7217
5609
5510
8717
2853
6681
8939
6869
9699
9168
7942
6799
1823
5415
3343
5720
2521
2664
9152
86
8506
3741
6614
5437
446
801
739
3289
1364
3518
3806
5316
9302
3155
6956
2688
7540
8704
7768
1017
9650
836
9143
3546
1324
3466
7032
2830
7861
1648
4941
7769
7509
3350
1597
6053
5915
8397
3662
7103
4457
4701
311
1848
249
3036
3408
1703
1866
4921
2833
8316
7789
2645
7294
9694
7976
5166
5423
6944
1524
8873
2904
8795
2903
3913
9401
7241
5192
6693
5082
8492
4250
2001
4052
1501
5644
9469
6287
499
1566
1045
7102
6397
588
5957
9263
476
4087
2619
3012
1433
391
1211
811
4980
2347
6507
2009
5532
9428
2731
4347
5181
2103
4197
9749
8604
9431
8935
167
4981
7202
6738
8263
5634
3000
3473
4030
6046
5190
2180
2274
6112
9827
4105
9537
1615
5176
6741
4494
5434
8612
7365
2090
5889
6374
5460
7584
312
1980
8618
9475
7491
5283
878
4916
3199
1283
625
5145
8680
957
3150
2373
1839
7609
1034
855
2251
2825
3708
6734
2189
4668
5928
8653
8485
9657
4936
8951
5279
9824
3250
3040
7349
6062
4017
8392
186
9808
92
6976
2838
5573
3342
585
7930
4854
9672
5446
1465
748
6740
242
1356
8788
669
6402
2952
1519
1350
4280
4187
2714
2385
142
5712
8983
5531
9027
9874
997
8760
2348
6555
1973
4219
3079
7246
1924
5949
776
3448
3786
6178
7240
9572
5750
287
7903
5387
827
7658
8276
8212
497
9586
6875
5997
2246
2567
392
4275
6343
1306
4143
7166
5658
1375
8280
9617
3541
8137
6683
1997
2785
9869
2300
7310
2322
5845
7888
9806
4963
6565
1234
975
1612
4339
2992
7334
8091
5917
6652
97
4933
1378
2252
4819
7756
1170
6369
1401
4350
7629
2073
9350
3906
6250
4792
5144
4511
8387
2774
6367
7675
83
9470
8685
491
2651
3743
3479
6937
6361
2620
3266
1586
9710
5054
4320
9459
6135
4896
5277
4310
7297
4540
3291
7938
8148
163
5087
7655
5786
3554
7697
5454
663
1700
8814
7195
8609
1311
2471
5954
5960
6786
1200
4045
9165
8266
9250
4115
6847
9276
1635
1639
4050
3933
9476
9924
9279
3965
2511
7079
6796
3867
3909
907
4828
5971
936
5754
9968
4387
6764
1474
7160
1770
5533
3990
1905
8677
3944
9104
861
4378
8579
714
1552
7113
8555
9465
7651
5141
5603
9867
832
7986
5091
637
7863
4691
8933
6466
8402
9064
2596
1568
745
4106
1256
89
4710
8092
7824
4288
9716
7645
7007
797
16
8417
9731
8732
9277
2968
1908
1669
6756
4453
4292
1405
736
5990
8882
1232
2136
9227
3272
7287
3390
3997
2553
5835
641
3379
7520
7999
1392
1541
6346
2174
9750
6401
6279
3025
6006
3981
4736
3509
4485
6073
8143
8813
7605
6963
4213
5402
5334
4559
7532
8963
3656
1591
1523
8254
4412
2470
4824
4729
769
2996
123
1962
8661
3587
6208
1799
1342
308
2196
9327
7253
6822
1782
2539
3820
1560
1115
5948
2498
4527
983
9137
765
1599
3567
3683
1872
139
4512
2795
3852
8752
2519
8300
4586
2895
9240
9274
9320
9073
8630
5022
7323
8165
3811
3274
4496
2275
9016
5362
901
4281
829
6926
3614
4309
2361
6301
8146
3931
7004
1130
8005
7081
457
8309
1308
6321
325
465
5711
8371
8851
9746
678
9355
1809
7418
6386
4484
7330
3588
4709
410
6575
6556
1999
7704
6815
5084
4
6841
3569
6325
8535
377
8718
6130
3905
6872
3169
7109
6843
9146
5717
5417
7499
7308
6061
9708
5344
9966
710
4225
4648
8150
4766
4848
5272
8352
8376
275
4990
4762
4524
1596
7262
5840
4044
6245
1476
7243
4534
7606
2226
1576
3098
6880
248
9123
51
5633
7018
6706
541
2558
9836
6866
6199
677
8353
3539
4757
8329
2717
586
1101
8960
2935
6109
6162
5904
230
7883
683
6022
4538
6702
4660
6905
2807
2944
2549
2445
6805
4957
4376
3005
9285
182
4114
9898
1849
7811
3495
3936
2137
4065
8654
4283
8678
358
2420
8828
5282
3612
4529
4147
7506
5617
9070
3455
6953
8544
2675
7706
7960
6554
7723
8672
2469
6593
4048
758
4159
2894
8448
8936
1496
9861
6775
7632
9002
6708
7068
724
1176
8386
6523
5502
956
429
3064
9801
4790
4208
4619
1490
5645
4578
5441
7059
3426
3366
94
2351
7220
5303
7648
5689
9581
5435
8493
8659
843
3505
9739
1252
3434
428
6502
8472
8529
2242
7163
6072
8022
1888
1449
4827
5148
4104
7796
7641
9692
2721
3664
8552
562
8350
1793
2818
7393
6475
2978
9128
8497
8379
4445
574
7644
8483
2045
6337
8308
9173
203
6885
3140
7214
71
2991
2272
734
8204
6562
7203
9394
9079
3830
1972
4830
5104
3422
3089
8761
5433
3125
3938
2753
6127
2765
818
1734
5105
2821
3809
3817
7728
8750
8200
7513
5522
5292
8852
4160
9218
834
9183
2893
6539
4708
3681
9308
8403
6842
9118
9078
4122
5824
2038
9471
2459
5752
703
3854
254
1228
3170
7607
1296
8224
7177
6673
3198
8142
3054
628
8590
4097
7562
9885
3497
4070
9659
5484
4112
9985
6163
4979
1801
1137
5134
3373
2247
5913
3860
2121
8767
7547
9682
2212
7820
5501
184
3151
9961
2441
406
3822
9592
56
3057
8173
7887
2135
9503
1345
9973
9732
2656
7740
6246
2271
117
9887
9589
7542
1508
3074
7185
1318
2390
8641
9637
7897
8519
7944
2578
5936
9725
6030
9303
3484
1836
8203
1940
4700
6434
8890
196
8613
969
4006
4264
689
5077
6887
6604
8498
8040
7951
4789
6917
9984
7353
6699
1394
902
388
5407
6592
2427
9093
3027
716
4507
946
2937
5828
6253
8539
7425
7926
9229
1212
4752
8100
7358
3429
2716
3962
1763
6973
8737
7115
5657
4392
2178
1463
844
6206
6150
5123
937
6074
943
5557
1562
9896
6730
3183
5811
8271
2737
91
10000
5403
3111
4992
5478
6524
1919
3942
8888
2214
4235
2930
8838
6405
8380
682
5178
2710
8620
2167
8972
6578
5326
3886
3221
4661
2301
5429
8521
7879
8908
3003
4465
4110
5857
9648
1192
1811
1522
2104
5974
906
4510
7557
3855
1503
362
5694
6257
5043
9588
2204
138
8751
9069
5396
923
9964
9837
9258
4842
3161
9729
6968
2129
5039
8932
9463
7665
5313
8988
8132
5191
7140
6770
9026
7561
8978
7507
4919
4777
6
2357
5233
1855
5514
1494
5759
3885
8322
6637
7535
4685
2270
5620
636
6881
9553
4519
9044
4364
8507
2916
7758
7224
823
5774
9787
9426
8711
871
8214
279
5466
9151
6758
7489
1598
6317
474
4516
3446
2118
2193
6251
5778
7307
9540
7263
9294
9065
6918
6151
4156
6785
3514
5793
3963
6581
3937
1518
4880
7350
3951
8045
4321
5214
8460
5149
9505
1683
7553
9304
6111
1038
3377
2816
6474
8031
6347
2277
5312
2867
8119
105
235
8120
6420
2262
7413
9427
4684
4089
220
3815
4829
6840
2953
693
813
2105
8591
4835
1071
2367
1419
493
847
8108
6047
5341
6605
9399
3611
8608
4802
81
6624
7911
4399
8369
9895
1316
1461
6008
2133
1213
9288
7630
3967
9100
9338
4411
1477
9665
6964
9663
3402
5243
4563
3194
140
7964
7344
5405
7400
882
1119
4327
3300
4548
3072
4950
354
5163
5821
8046
8762
2085
272
6458
2406
1602
6002
7104
4366
1712
9341
1099
6719
9640
5232
7302
800
1550
6272
6913
8928
9314
4005
8275
4642
302
9605
6481
9509
3355
4885
5490
6217
5385
7044
1492
4580
6774
6813
6768
6296
7008
5765
5217
4676
752
7279
3894
1983
4432
3093
5472
5665
8638
5714
2099
4228
3205
767
8307
8186
5945
8346
4367
3941
7038
7682
7178
3026
6012
3007
8233
2980
5208
2474
1899
7316
2295
938
9756
8833
18
7981
646
1189
4654
3751
6356
1608
851
3101
5499
2768
3259
4890
5800
9311
4358
9347
6167
4864
9011
7058
3736
6615
3564
531
7549
4581
8366
2609
613
6414
4239
5075
4420
78
1441
3115
3671
389
292
4994
4343
484
8971
668
9453
2383
8241
3121
1835
6486
3828
4152
23
9442
6479
3876
9374
3318
9935
4076
7688
2782
1466
2051
3032
8168
6849
1263
6077
7993
1769
3001
442
8592
8773
4781
6832
2919
8745
6342
5547
7708
3949
7131
4526
2885
331
2243
733
4126
9201
5952
8929
9283
6060
7900
9667
3696
1666
5418
6083
7656
7835
8064
1825
9641
1736
5380
1904
8245
7267
8016
9490
7392
7554
4517
6728
2793
8844
1250
7619
336
7147
3047
422
8510
3764
9686
8454
4984
3785
4934
2915
2850
7332
3457
7525
4553
5059
5937
4383
5967
3075
6412
5099
7843
7132
4629
9182
1186
779
1986
7631
1352
5946
1436
1906
8419
2546
4227
1780
3024
2551
9126
3969
3907
438
8551
5724
2376
990
5885
5513
1361
5278
90
4598
2615
77
1222
1520
2766
5004
8470
6859
4927
3299
972
8550
7664
7199
4746
1739
257
3657
4092
7941
6489
25
5595
7511
1668
2359
6168
2684
5310
4210
144
8089
4986
6359
8867
6503
887
5270
8066
5206
1727
9989
2786
5600
741
6714
6591
1660
2264
7925
903
4074
1076
1667
4019
6521
7991
3210
7011
3651
5281
857
9953
3562
1988
4602
4860
7411
6345
9823
7578
5931
6971
8421
9602
8505
4134
6567
7497
9033
6528
4575
1891
9289
526
5395
7254
2742
7503
5186
5438
9974
4177
1574
7633
4257
2806
542
61
8554
5722
7865
4839
4579
6896
2641
3092
3218
9055
1679
9292
4536
9976
8408
8198
8930
2186
9601
1241
702
1141
3958
1892
8370
4301
8503
9666
9906
926
3401
1533
2210
8252
3916
7345
4093
3812
2423
1138
7404
3850
6211
6513
5462
2764
8853
2738
9446
5165
5933
1236
6248
7564
550
8189
3730
7710
7436
9099
9848
9488
4815
3260
1545
8249
2548
7470
6120
2500
6064
2733
6492
737
5844
8861
9954
7325
8406
530
2936
6617
4015
191
7351
8740
8215
3172
4972
1070
2355
4120
5622
4297
8264
5162
8194
2928
7705
9777
6892
6736
9216
8742
2030
3759
3784
7228
2008
2122
3592
487
3284
1288
8325
7275
1271
8643
7114
5920
6878
8652
3256
421
2363
2143
1459
3456
3678
3490
5333
5596
3523
4245
4724
9939
326
3472
6439
3628
3166
7265
8461
8876
6727
3716
5390
4899
8180
9855
2279
8565
9627
3415
8926
6051
2648
7075
759
1740
5140
7866
4486
3516
1907
135
2762
3510
9786
70
974
7595
8049
6743
3749
6864
895
6148
1676
9820
7597
4772
7429
177
7188
5996
5273
7372
9546
2486
6295
2700
2026
8030
8952
4004
3148
8596
660
8513
403
2312
4012
4130
4207
1509
4525
5372
1957
5894
979
8128
4246
7215
3363
7151
3159
5040
6550
3980
511
1979
19
8294
6184
450
5625
7754
1582
4770
3209
3303
1395
5830
4846
8313
190
1654
8938
8396
825
6749
5487
1708
9813
2587
8958
208
7567
5252
4951
9917
360
4469
9753
9268
2639
7451
9236
3685
6916
7419
2072
7766
722
2628
3482
2358
8270
2504
3109
7194
985
9670
3158
4351
2120
5096
958
8223
9751
6802
4943
8991
6068
8038
1453
400
7634
5360
3348
2981
4773
4499
9565
2171
9305
7984
3163
9417
839
9159
5686
3445
5394
8617
3654
4071
535
1516
6548
1673
7454
2722
4024
6407
4408
288
8358
4398
6990
2048
5126
5683
2534
2326
8114
6018
3511
307
4084
4060
624
7526
7852
6174
8895
6517
2759
5315
3167
9067
6807
8982
5690
3407
5322
2948
8578
2876
998
8188
9219
6005
8660
9369
4369
931
6097
2229
2517
5346
5164
458
2415
5266
9859
1054
3409
2343
6952
7026
5074
6616
9802
5576
6213
6034
8594
9549
9103
1337
3634
6382
1818
2
7711
1495
4450
8725
5049
1792
8315
3648
984
9883
9805
353
9643
45
7698
3618
4016
7416
6547
8482
2040
7061
8153
2911
9114
7528
1614
9124
9083
2017
8081
3667
6254
7231
1326
8288
5032
6076
7235
8338
8290
6149
7771
7
8584
7517
4903
1898
1852
9253
2004
223
2438
4705
7401
7599
3082
3914
9265
8772
9975
181
2431
7029
2778
7174
7135
5556
1504
6995
9210
814
2990
4022
2855
3692
12
4289
2846
1037
7259
5535
6273
2466
3857
539
5861
4892
4814
615
8836
6340
1205
6974
9196
9858
9661
2054
5876
7696
2798
6294
7100
1086
6461
2187
6236
3238
8047
9462
2572
9164
5404
4686
3996
1662
6282
4706
4856
874
9705
5168
2217
7579
7893
6143
9464
4140
1787
9828
919
8921
2819
614
9373
4127
9331
5914
888
2458
427
9424
8193
4760
5855
4413
627
7361
988
2394
2211
685
8863
848
7541
8627
5424
5890
5388
5285
5777
6757
2626
2154
9706
7107
8577
9658
2859
1764
4897
1122
3249
7795
7005
172
3765
5643
3710
9191
1055
3605
8341
2820
5155
7488
5223
9054
149
6945
8849
1742
8874
7936
2880
8525
3241
5980
2095
4616
1479
4920
3231
4543
357
5986
8476
1362
3138
6448
2131
973
9594
8390
7995
9681
6247
8637
5373
9441
1714
6353
5682
7455
3399
6920
4533
6900
3807
2028
8727
9689
5002
1191
9481
1399
5976
9241
8033
4427
772
4712
7022
6141
1016
5353
4506
7793
6368
9034
5115
6725
4636
459
2917
9818
572
7122
6545
1134
1601
7621
4073
6845
5287
4999
6890
6373
9084
7049
8709
3987
2022
6978
2566
4542
6258
5679
8141
8285
5943
6538
7237
6330
4295
1135
1694
9877
5053
9524
6678
1315
2489
4628
5958
3369
381
9768
944
1478
8195
9060
3492
9875
2316
7804
3065
7478
3703
9911
568
6037
2927
819
6116
2398
9387
3394
183
8234
9978
8219
6639
4962
7916
1871
9812
1537
2261
5289
221
9396
3030
3508
2107
5649
6988
7291
5740
8218
4080
7798
5391
1015
9003
1587
4196
6121
7780
365
5630
2435
9745
7657
3502
5955
4322
8354
363
9814
7171
1797
7716
9880
2528
1321
6955
8486
8078
5507
4611
2595
4355
7453
9185
2341
6263
8129
4444
7145
8516
1424
5302
1056
6119
9967
4081
109
754
9916
9758
1416
846
124
1090
7312
425
7495
3961
2623
7446
6797
2934
4298
9809
770
6584
5646
3060
7141
1815
9909
7284
8473
1585
7949
6600
6960
6603
3528
2581
899
6654
8028
1410
7066
989
5893
1747
3417
8901
4849
9478
5863
4513
2453
7380
9555
4558
2784
5825
7714
199
5122
9346
7184
2465
6626
3035
4480
7787
1229
1154
9354
7319
300
1005
5798
6391
5721
7646
7070
922
2061
4881
9479
5947
8980
69
8768
600
2861
704
5546
5639
3968
6782
2476
9776
6834
2943
5524
4443
9284
8340
9076
2222
1418
4255
3880
4492
7201
161
510
6569
7871
3444
5328
6265
1950
3542
5624
5204
1444
1083
1765
2197
5784
9628
1607
1558
783
9282
9385
925
7797
6877
4334
6316
8147
6175
1754
9317
7305
5246
9569
8391
7626
5640
8428
4109
1807
4356
3095
3385
3469
935
2629
1569
8296
9496
3740
8805
2483
7759
5416
9754
8101
1542
8733
2218
7737
5095
4098
1609
2613
8937
6424
189
8730
2321
7105
8156
3440
4271
232
5220
7910
578
4033
4352
4397
4293
9066
9793
2509
5718
9677
4911
2428
1313
9322
649
5350
5909
8083
5746
4599
7752
5991
5198
9769
6473
723
6816
7249
3257
8899
6564
9743
5167
6684
63
1190
2947
7003
4200
3632
2190
5284
6393
3848
2984
5860
3853
603
9202
8784
2644
198
4562
9736
6179
1942
9486
3715
9516
262
5808
4326
7919
1935
6021
6854
2898
8855
6319
6379
121
5229
6747
9316
3879
1819
2942
4751
9499
5981
2166
1756
127
7720
7357
5483
9435
6821
9377
478
3731
9747
6579
6612
8777
8859
1482
6746
7292
6311
1726
8668
9717
1251
4363
1393
2856
6940
9675
6823
777
1412
5300
4800
2462
9846
781
6585
3028
5975
6183
4359
9994
3381
3529
1166
1143
2602
4268
6602
3244
1124
2447
554
9194
4299
4324
2188
8517
2584
79
4841
7352
29
4719
3704
8601
9684
2080
4099
9437
9047
6399
7613
9654
9254
9436
3527
2039
8383
6054
8557
4361
3431
8029
3571
2248
2848
2402
2288
1706
9734
8763
3103
9560
1380
2902
1072
8110
7412
3428
1383
8869
5806
8297
6105
8923
8425
4117
256
6625
8635
5457
658
2108
1737
4195
7551
5113
4201
1499
8034
7327
1947
4973
5549
2259
8082
76
9252
6417
6205
158
9963
9358
9400
858
7301
5419
3595
2790
3017
8456
9432
8887
8020
7094
2256
9876
764
6867
3947
4054
6967
2520
7531
108
5638
4588
1828
4335
9362
1406
3201
8489
333
1227
3157
2530
2404
9075
3034
8269
6268
3734
5068
6671
8575
575
9701
8190
512
3037
5560
7384
4775
1450
1161
3838
9721
4286
9315
2973
1341
5604
1225
9323
1160
1873
4755
8409
3793
9507
9897
2464
6173
3393
8736
893
6019
7433
8729
5999
991
6009
1088
5688
8569
6309
9102
8050
5109
5850
6928
5497
1861
154
6948
9386
2155
3805
7783
6344
9440
805
1544
8312
4332
7379
9987
7877
721
2758
8345
4139
9771
635
6467
9683
1040
1415
1475
6326
612
2831
8897
5628
345
1036
6851
826
3142
9179
4593
5841
2207
4079
7592
2384
1789
214
5133
7620
2864
9251
2443
1517
7221
8161
2255
8054
6762
8818
4912
5254
7894
2497
1926
6377
4303
9901
1026
8494
6016
4242
1513
5873
2963
5575
999
9757
8013
3952
1722
1686
5398
4550
2704
1934
1618
7101
58
7142
2725
3312
3186
1922
7374
283
263
6595
3130
2988
1087
1977
3627
3983
7530
9925
6244
5663
7642
6360
8916
8571
9155
8868
2663
6041
9384
2841
355
7596
8530
3646
3411
9934
451
4489
1882
3878
9072
9956
426
9902
261
5179
3088
9335
4787
5614
185
4886
9414
8774
4925
7966
9096
6532
4905
3563
4726
251
7872
9045
9998
5258
7980
3840
610
6979
2241
8532
3321
7860
4863
6194
7537
1500
7659
4952
6619
5119
2662
4915
5308
3458
9271
8299
5887
2727
8893
7042
2800
8058
9412
7985
740
5450
2353
8783
6551
4249
9041
4722
2670
1642
8949
473
916
6433
4843
9986
9632
8748
4346
2352
6314
7699
9647
8524
5725
8957
824
9248
3675
7950
2653
7677
8911
4430
6586
2810
521
219
7702
6776
6828
9063
2840
6962
7448
9454
9578
697
1
9144
1240
1219
6027
3239
9321
831
4202
5678
1510
8068
605
9205
2814
9979
8896
4740
3139
4101
2140
670
13
5804
3606
7896
7417
6050
404
8063
1366
3382
9287
4167
4354
5726
7746
8770
1794
4612
1978
4170
3802
7518
1963
8666
5926
7615
4650
8804
5671
7328
9719
529
4651
7598
6735
5572
6079
1396
7990
6594
3720
7533
8388
5874
4344
9122
7853
1207
5537
9621
6608
2643
9221
8759
7873
2013
8036
9273
1678
8172
3723
681
1230
8502
7552
6753
1041
1868
1497
1796
3276
9049
6392
9082
1859
14
543
3009
9410
9662
7772
4164
7168
2959
4238
5427
6422
6487
8943
9606
8149
6048
6297
9638
6991
7785
1260
9707
2200
6599
9121
652
9544
8512
7290
9696
4179
9518
1065
2075
2603
5973
9200
1854
8385
2046
6685
9494
43
2451
7582
4032
6285
2487
5076
9319
3253
5146
4345
592
8192
5488
8412
632
9154
5215
7611
66
2374
1301
7987
5455
2677
8563
3406
3435
2457
9115
584
3865
8691
9534
5125
3297
4993
6071
1981
2399
9298
8125
3212
9923
8663
7014
504
523
1430
9591
9261
169
9101
1572
8919
4036
3387
6408
890
3728
6761
4707
6680
4318
3722
2069
8109
4771
4055
9487
2879
7276
4353
3597
5623
1437
1188
3762
2698
2634
3739
9673
1652
1897
8222
5482
5183
8378
2184
3050
4458
34
9037
6987
8854
8912
5411
7573
6748
3726
1224
7559
3927
1435
6255
5766
8669
1939
951
900
7680
533
5756
5508
7211
1118
173
3714
309
1338
6856
6811
3418
9831
9928
980
3772
5923
1649
2826
7899
4528
8225
9582
1820
8545
9634
5363
872
9778
24
7905
314
8889
524
9395
1791
3168
3691
5815
5234
7056
5571
9515
1262
9222
528
6862
5392
2746
9839
3309
5410
6103
8647
3663
4946
3113
1717
7745
9142
9257
7130
1052
804
930
4386
5734
475
1833
1039
4702
4256
1762
8673
6943
7043
8103
5670
2163
4425
5919
3232
607
3960
7818
9286
5907
7529
756
2862
7587
9795
3202
1426
7838
3085
1802
52
2950
2501
3344
4786
6455
1675
3432
3331
4625
622
7958
2726
42
111
5265
8106
4382
5897
3712
8622
3269
7500
5723
5193
6998
1890
103
7239
9593
7715
4056
3953
1535
7940
1028
9908
1883
6191
4508
1752
5136
6958
5377
7546
7957
9562
3302
2043
2325
8891
2907
6086
4121
2681
361
7378
640
2923
453
3278
6722
1114
294
6601
8843
6264
5169
5237
469
688
743
6383
9937
1575
4987
7137
3023
8546
1358
6110
5771
9819
1985
2597
1876
1521
2713
3781
3923
6350
80
5331
8262
1163
9022
6291
6044
9380
6209
8639
6262
6713
1203
9281
5301
7155
8229
4631
2881
9762
3217
4459
8182
5311
9163
8796
2579
8755
5685
1051
6469
2228
1692
7304
3534
4103
571
4638
8339
9959
9260
1720
7510
3395
7192
7187
8431
6651
4407
8979
1210
3558
170
3524
2287
5870
2502
5180
7977
2580
468
2097
2585
7247
8221
7129
3372
4804
8368
5480
4116
3603
9715
7516
6850
5583
8381
2491
8977
8277
8259
9021
679
1723
556
2157
9116
1053
3982
9256
8572
4380
7996
6421
4328
1370
9571
3273
3213
165
4867
7329
5826
8573
1446
8452
2478
4641
1921
1126
6772
9691
8786
8860
8793
8302
7757
4953
1009
5453
5707
8667
4667
910
3324
2873
4937
8735
240
7296
6537
8026
9508
4315
2690
1803
9742
8699
3801
3552
7225
6644
9600
4436
3725
489
4557
1846
5370
7087
1690
4991
2565
4730
4583
9433
5940
2158
3421
5343
5299
1031
9038
9611
1931
9211
3145
8051
247
6689
8323
6687
2260
7112
2908
8116
5934
7382
8121
3768
7479
5696
9127
5875
1434
4010
4232
7571
2674
2364
1246
8624
6092
3590
8585
4218
7750
3818
6533
364
5262
1992
4375
9105
8090
8272
2965
6981
506
6011
3866
1936
8246
6270
480
5062
4464
7039
9015
6647
7409
3478
699
1427
5495
5706
4733
534
4514
324
3808
8541
7732
9559
1180
1248
2401
1159
3449
1976
2512
246
6451
4784
1777
7946
3233
5545
3413
1772
6552
8676
1650
6985
6723
9119
5882
147
7067
4478
700
8675
2750
1691
7600
5393
1867
5309
4573
1146
8970
7474
432
687
7264
9040
2661
3375
4894
5406
2974
6485
3989
4034
3596
8542
9548
322
6389
7126
9997
2556
1808
7514
7096
2559
6541
3754
6638
1231
7386
164
8964
1619
9489
4837
8401
5159
6803
987
7069
9167
2598
4014
4274
5577
1959
6984
41
5156
8894
4357
7847
3939
4329
7227
7139
2413
5651
7377
7340
9058
1334
6951
8240
513
3610
7637
4509
8969
1348
4137
3328
2372
8966
560
8789
6442
8968
9970
948
7407
7216
6899
7574
7222
6790
5170
5013
7196
853
3002
5506
7033
5290
1603
2439
9378
4723
3897
9556
5235
3347
156
8633
8442
7186
1641
5072
6357
6318
8349
317
4307
7712
1698
2676
4689
8712
5476
1645
5456
3177
1565
4659
7498
9184
435
2901
8898
9830
1249
1151
7363
132
5020
1701
4601
7837
148
5650
2618
3175
8256
1561
3325
7842
482
2025
8073
6118
9223
4394
8042
233
828
2505
7974
5528
3042
9645
8902
3904
7422
5961
2832
3839
6274
6839
8990
2224
2202
7647
8917
3105
1944
786
1000
4647
2484
9108
2219
9983
98
1377
1276
5538
2815
7424
4001
8726
5523
5653
2889
2371
1751
5339
5019
8792
1272
5061
1061
1530
4203
565
4595
2460
7687
5021
3223
5
9325
8160
9247
2397
793
862
9700
6390
8701
6642
9255
8169
3494
8175
3398
955
7917
1987
1757
2221
6620
1299
8797
4372
3441
9477
2817
5886
5459
5565
7398
6176
5737
8741
6613
1305
1197
4783
7494
5034
3843
569
9381
7947
8463
9552
8880
5932
3460
2514
2979
7034
8913
5911
5788
5401
9423
4141
9062
2165
4468
5227
6742
5065
1109
9264
4872
8504
5242
6371
6104
490
9595
894
7443
9946
5286
8720
9596
4978
6197
3195
642
5047
1368
7920
8004
3842
6267
5616
5504
3120
2106
6961
2225
4902
2576
2175
9761
9461
5941
949
7183
1738
6674
3821
9233
3733
820
4064
266
4223
7285
4029
5520
601
3245
5751
460
5471
485
3313
1624
9841
2350
2983
1634
8230
6760
5584
5025
4674
6965
6763
9061
2897
7828
3056
5151
9238
6396
6308
3920
6969
2720
1748
1098
8360
4679
8560
6490
5492
4487
7967
2258
3330
5261
150
7238
8688
3071
4694
1556
9445
2091
9351
6220
9616
6164
2824
9933
2149
5112
5175
5568
9225
8920
3447
8671
2865
3877
9013
5280
5607
5660
5071
1889
2858
8495
5131
5139
4833
9336
7260
8126
4150
7461
9042
9349
7765
1961
7176
8253
7046
2756
8287
8037
4183
6560
4549
7435
3831
8984
1019
4910
4043
3767
5543
1573
1653
9110
36
282
384
2655
3459
1841
8819
1845
4418
3141
8196
6322
7685
9313
351
1902
1148
15
1864
4007
5147
1732
8118
284
7268
6794
8301
7689
8436
2286
1125
2702
3240
1196
1120
7846
31
4754
2429
3452
6238
3919
950
1881
3599
4831
5221
7536
6231
6788
274
9204
7962
1911
3888
840
967
6303
5884
3200
7041
7172
2635
8480
8000
8422
6610
3679
7053
2966
3640
6161
5983
238
3533
1295
8372
226
7662
867
2035
3954
6441
1996
2409
6333
5953
436
8734
593
2391
6691
6518
6429
908
6929
1469
7739
2093
8997
4428
2693
1637
6410
2552
6278
286
4859
9999
1165
4948
7663
2741
8802
3917
3875
3582
7449
6779
399
1102
6860
415
4564
8344
8006
7673
1875
8850
4716
8953
7782
1695
5358
396
6123
2317
4995
4348
1347
7743
366
8629
7953
2708
1534
264
2562
566
495
9913
3863
9679
1856
3607
1008
7320
5829
6927
1439
9982
9938
5762
3285
7002
7391
3498
5199
6154
9497
1620
8649
5037
3738
8599
337
3670
5755
1687
6844
7909
4555
7933
4390
6710
5764
8829
653
5218
2647
7073
1081
8753
4871
3586
3188
6634
3048
6364
9444
1467
3625
1943
8508
3615
6838
7660
8999
7037
2323
1332
5050
8357
9992
5006
2087
5451
9988
9893
8636
3705
6546
7481
6656
9160
2033
3317
2327
2679
3396
4333
2971
409
8807
8925
6936
3560
555
8438
2345
1285
5562
4108
6419
3827
877
4665
671
6463
9972
9664
7945
4858
2278
3451
6989
5448
1716
2660
940
1555
8321
1411
1955
2400
9125
4966
9266
3090
8453
3165
4181
7193
2199
8447
5555
6491
1606
5304
2110
4490
5245
7343
830
4306
4567
9092
2265
348
6453
1766
4253
6771
7143
4226
7337
1091
4023
1580
9626
4429
1971
3695
1929
4750
7870
7934
3077
9411
1571
8158
6146
1526
7973
5554
4823
4893
1255
4414
4515
106
6809
567
3581
3756
9270
8847
4028
5267
4086
2403
3707
6045
2418
6780
3405
8327
1531
8216
234
8484
8798
5117
9990
277
4597
7851
3187
4031
6327
3262
1398
7000
6137
3346
9914
4402
2537
8292
751
8865
4767
1095
2588
7927
9996
3416
5877
8640
5621
3773
5812
8600
3461
7389
7180
2276
5730
6437
7734
6249
59
8907
1681
2239
3788
7427
3164
609
5648
720
8105
5935
4615
3604
838
9965
2811
708
2147
2016
8303
3462
3433
6568
3310
8564
2657
6133
320
6155
4731
6666
1536
879
525
8043
5154
4569
4416
4810
4938
4405
8558
6514
3106
8097
2781
7736
4437
1003
8070
803
7124
5704
5009
1505
7381
1546
5599
8205
782
9891
5024
2874
7523
5306
1896
8962
5026
505
8906
8799
8027
7207
4000
298
3771
6571
1351
368
7555
5048
3789
6210
6983
9057
2751
2869
7581
6884
6228
3100
8469
7882
3083
9359
4747
3470
4887
319
1604
9991
205
502
8598
9702
7604
6496
4260
7035
2134
8424
8104
6020
5795
237
40
7490
143
6907
3666
2303
7017
8536
945
5384
5636
4869
5173
7742
9832
2297
7686
6645
3636
8973
643
6791
7485
5336
6946
6773
6057
5130
2672
6515
8449
4851
6043
4687
9513
5081
4360
9767
2392
2518
9878
1974
6157
3339
7336
1046
6395
6549
7394
9187
6576
6667
1420
4811
6561
6159
7257
650
4982
448
845
356
2234
7886
7505
3760
8820
5813
4144
7583
1658
6201
1214
6914
6298
6102
8800
7617
2763
2728
6196
6202
9862
9849
7969
1682
7979
4222
6553
8670
9242
9398
5114
5727
6750
8490
7638
6445
6501
6131
9840
5041
5185
9551
3004
9981
4433
709
2906
698
2231
962
2328
8769
7821
5228
9056
6459
4817
6777
3357
1139
2574
8413
5615
4129
2424
9779
1323
7462
9703
7970
1776
1172
4037
1258
9522
8458
519
6446
4735
527
4931
4466
2538
5458
2616
3530
231
4251
2767
9936
2021
3126
9713
4049
7794
9149
82
6152
6793
6676
3526
5637
2034
5814
5008
5321
5758
4805
9375
9418
1547
7545
7116
7306
3437
6871
8177
4561
2223
6679
2744
3584
5210
4046
4813
4182
5680
5042
4189
4153
3992
3022
8135
481
4551
6631
8656
5486
7366
7773
5942
5684
1646
387
4983
5222
1745
2467
4133
6215
3296
7077
7204
5461
5127
6477
28
1578
1443
390
5369
2827
8418
6409
3792
5238
9275
7473
8632
4138
7884
9942
8088
8202
3617
4675
4199
2964
2144
1373
4503
3364
7383
4630
7356
3228
1647
2949
260
2743
6362
2536
5544
4053
1001
3368
1253
4481
8433
5866
6632
774
6087
4479
8700
6172
1630
5569
9456
1529
3086
2749
5511
4161
1779
7892
7236
3400
889
9698
8257
1540
746
9620
2654
4426
1187
928
4008
9439
209
1452
1464
5069
3356
3745
4384
5383
3544
4063
4132
8003
9020
2114
2111
6165
2320
441
5116
6132
3975
2622
39
1280
5594
4467
7303
4640
1033
7885
9532
9633
253
6406
9852
2056
2568
5629
3553
8892
7593
6628
5440
5485
1784
8522
5515
4038
3294
9330
7055
2715
2141
159
1525
2164
9573
3921
5470
6134
3097
8347
795
8261
7968
9576
7767
1261
5693
8178
8112
629
2912
3686
9932
5710
3825
4591
3119
9171
9468
4697
3327
6909
7741
2213
4400
6525
2067
7707
5257
8355
9419
3283
5374
5540
6306
5805
228
2096
7084
4645
418
9860
4118
1096
380
639
2395
2994
1158
1837
673
2877
647
4732
5038
488
4325
665
1539
4003
4186
9050
719
1206
5582
4237
2745
3281
897
2802
7027
5606
5856
968
7321
1390
8864
9889
8320
1042
434
7806
9918
5012
5867
5089
4861
6922
7776
2024
5349
9372
7288
2527
1277
976
6876
5611
3252
3061
5652
1984
4875
6858
5335
1952
9177
6227
1281
5924
8944
3496
9403
2482
9156
5158
7432
7586
6607
4954
2882
5465
1564
3783
9567
2101
3154
4964
4796
7812
6425
3797
8905
4041
3122
3929
7119
8607
6307
8404
1557
8716
3833
3427
2381
6190
809
2890
3351
3404
4594
1064
1185
9299
1730
1312
5635
9094
3677
537
6808
7548
2652
6977
1021
269
5667
8465
3591
4793
4393
5431
17
6430
6290
7544
4655
8992
2284
3112
5479
4336
2492
587
2319
2446
909
5632
8373
582
6058
5171
2541
8812
5088
3974
3264
9872
656
4323
8393
7994
3277
7521
7447
7255
6218
2705
1179
2899
4374
3593
1355
4756
5527
4922
7726
6313
1152
8450
672
4745
8394
3270
4621
6482
1502
2037
3152
7477
8427
2203
6798
2041
6065
6166
6468
4779
494
7190
6024
4263
1968
7790
8747
626
1417
6413
8967
8757
2508
7161
6804
6801
1082
9039
5426
3898
7774
7086
4739
9129
4447
5823
4590
439
6941
8909
2159
3410
2268
8248
1397
6269
5023
7154
7652
8810
1969
1181
9352
9228
9337
4889
6025
3464
3476
8140
2977
5972
6376
6690
4996
160
5201
932
5516
2757
8298
1912
517
153
5226
4368
6658
2006
4452
9704
4163
2209
125
405
5436
7106
4690
1741
5879
5017
8239
5111
7153
6695
5816
9653
924
2719
5467
9388
7146
6039
1696
4768
7213
1303
7830
1554
4908
3718
7576
7406
8282
1843
8284
6014
3721
7138
2473
8986
1674
6883
2770
6904
3335
8976
1442
4248
9566
9262
4488
5057
1173
4960
8987
7475
718
2050
9244
4877
8017
6827
729
8719
4907
3519
4778
3315
3624
2910
1223
8883
9190
9564
335
5978
5773
680
342
1559
4396
2955
1344
8826
4224
2183
5413
7848
4316
2290
8151
662
2314
9504
9193
3557
2215
9733
5332
4438
4305
3290
3099
7610
6284
7565
6004
7272
9693
807
3349
5197
9370
3545
8605
7162
4968
4788
8702
738
4229
4940
5780
5135
5447
3862
7823
5100
7093
4932
20
8337
4168
5085
1915
8974
2185
7270
2057
4759
842
7744
5922
8457
3658
1199
2523
6234
9792
5371
4878
5612
2116
4780
7229
3450
4501
5340
2929
4530
303
7556
3826
4552
576
3491
3337
9169
5143
2883
9
3746
1945
4497
1617
5868
6527
2834
2077
6198
7594
4100
507
8621
620
1771
868
8086
5452
6484
8790
6787
6731
3594
8549
2493
8822
553
4539
2789
6582
1273
8206
7191
7874
4794
5352
2642
7375
6688
2337
6897
119
8468
2145
1455
383
4749
6954
7902
1201
6641
9656
6906
6465
3971
6478
1302
8682
7057
3367
1209
2761
5200
118
5412
5842
2002
3275
9587
5473
7844
564
9635
3928
9752
7076
1933
2920
4391
9112
1359
9772
3214
6668
5563
3124
1887
2160
8518
1002
1400
9087
6036
7751
270
5772
4240
4989
2522
5005
1035
6026
3799
7286
4836
1593
7089
1684
8310
7826
9879
686
3129
5207
9071
112
9502
2078
5848
7580
2432
4146
2412
4914
8841
8258
1044
3132
1622
1589
9695
8283
236
1613
259
5588
44
5536
1795
2206
6846
195
6203
7023
591
218
1958
8145
8243
4078
192
4244
5083
9074
6271
6404
2496
8324
5519
1177
9340
3549
5585
8087
3689
5274
648
1761
6765
6256
3507
3577
3945
7653
6511
1221
1623
2480
5080
6232
7326
3247
8423
3994
7779
1127
1629
3062
5674
6915
9366
6145
5731
7150
137
2582
2734
8065
1753
7295
8136
881
1759
4695
1725
3884
546
9629
3271
6329
133
1775
4584
6457
222
7527
2701
7747
4838
5224
3629
3414
4535
6800
7181
2076
7439
4608
7805
7674
7317
3360
892
2560
1506
5124
7727
6497
4142
6670
8816
7040
2839
9245
3570
2378
2053
9188
2115
5708
9059
5408
8144
7230
1570
6522
5505
913
3493
1670
763
5896
8948
9783
6611
9525
102
6113
8055
2658
3694
3834
9206
4571
941
9854
9871
9790
7402
175
321
9466
9575
6358
5110
5202
6573
561
6766
6349
7869
3389
2871
2600
6136
5836
9697
7857
1665
659
179
6901
6921
4821
9904
8232
359
3766
6242
3439
6233
6252
6385
5150
2852
4622
3841
4774
5073
2216
8317
2249
6084
6810
9361
3191
5859
5152
8009
4388
1289
7484
3620
8728
2857
5739
6480
2976
3216
5901
5551
3114
3845
8556
1242
9379
7895
798
4818
372
532
516
2338
7588
2531
5761
1663
4373
5399
5962
3128
1184
4753
623
7775
9195
4556
1774
7777
5225
9296
9269
4276
267
7952
1462
3995
5195
9161
8336
6754
5355
9353
2448
3242
1563
1157
548
9363
6868
3134
1923
1287
518
6863
7570
5837
5255
6426
9310
9145
1226
540
