3982
1891
1282
2101
2782
1221
1125
7839
6888
2002
7537
4437
1573
7056
1602
5859
1177
5609
2579
9031
766
2608
6331
9160
7211
6855
1812
7762
5273
5235
8668
4037
7795
4730
1095
6161
275
4961
7954
1180
7054
6252
519
1761
4849
2081
7030
7675
2988
5045
4455
6709
3576
7196
3801
1772
1276
5947
1768
5509
4547
1940
8608
7137
902
960
3238
9794
5333
9645
4072
1022
2381
4011
3459
8564
2496
5921
4210
2977
3024
1437
4205
9819
7255
5515
1104
2775
1658
468
5558
7663
9337
4756
1723
2565
8523
780
6640
7365
2082
9072
2094
369
8672
7696
1937
4936
8720
8576
3653
5738
8767
2364
7915
3230
4490
3089
2930
1592
5272
8123
1232
846
8131
6200
5519
1775
713
4338
8812
6448
1227
9985
4565
3212
7775
7551
3964
1617
3055
2732
7993
3873
3572
1469
7508
1548
7401
168
5404
1127
4533
5901
2172
9024
7843
4706
9799
8580
9630
4686
8834
1607
3091
8367
5102
3659
8171
1689
6199
4677
3338
7587
6178
68
6144
3492
9610
8159
774
9593
1833
9671
6276
7891
3049
944
1245
3486
1985
4888
9583
9720
1430
3664
2441
9530
4403
2624
2504
4518
7953
1029
672
9029
2314
4396
2106
7516
6684
617
307
9478
3944
521
1269
7251
2575
2318
8529
3404
4350
9515
1444
582
3213
3013
7067
9939
1191
7262
1724
3582
9198
3409
1151
3504
9476
5574
988
2996
9833
1058
7076
9680
9775
2036
3976
9078
2941
8180
2796
9744
8781
9252
910
5005
7422
2734
6340
6017
2706
428
2077
8112
9356
4262
2056
6203
2494
2240
5206
9422
6598
1265
5297
7281
7426
5794
7725
5343
2145
5394
5667
5004
3654
5702
4734
5226
3104
2644
303
5888
8712
7926
8022
4527
785
3093
3310
3199
541
8296
3947
4063
2911
6104
4278
9956
9577
8843
4332
4282
4959
6030
5530
692
4806
4184
7886
2946
895
7074
4930
4489
443
4962
3910
2012
7199
6806
9816
8600
9333
3329
8995
6982
1414
4794
6476
1148
8301
595
5745
9965
1779
5551
4972
6991
4174
4977
6727
2152
8052
9484
4295
1808
9416
5347
7499
6540
1526
601
9900
1371
1804
7272
1039
3919
8730
8715
1258
2136
7150
1153
9668
1295
9839
1977
745
4311
4963
9519
8690
9787
4605
9120
9730
8293
3282
1336
5812
2602
9062
1167
1692
6787
5452
7105
9057
6774
9199
8930
3550
549
1453
5803
3149
2987
999
3834
1551
2108
2593
1642
4168
384
2979
1766
4682
4096
8897
351
2230
2204
5587
5646
4263
6672
1427
3018
4268
9901
8785
9314
7778
5518
7116
5785
6193
3586
9108
2253
1760
5846
9503
6814
8922
2193
425
2076
7066
8663
1836
6784
3957
8707
8742
6229
8884
4487
6106
1777
6976
9936
8130
9344
5750
4351
9723
367
6746
5949
3496
8046
1409
6854
6206
5281
1842
5586
7360
2299
215
1216
8504
2685
4669
1823
3224
5026
8734
527
2983
7763
3385
1662
2823
7082
414
4671
1456
7358
684
5127
1431
43
2452
1489
5399
4285
7414
1980
2326
6394
680
8680
58
2736
8928
1115
7948
8943
928
9013
6307
9210
7466
5554
4308
1171
9021
4900
5039
3639
8133
9007
5605
3722
2745
5778
8550
4693
8289
3545
707
4367
7809
5562
1549
8077
2786
4572
6184
1518
5393
2511
4649
9286
1237
5670
7634
4407
6020
7476
1275
535
5820
4862
8169
7747
9248
8088
5658
3893
1973
6955
7822
3357
8238
3816
5578
454
2288
9477
6633
3108
7840
4051
1608
5141
1181
2221
21
1545
4637
6626
5283
6403
2833
5556
8003
5687
488
1930
248
257
6426
2641
3487
497
127
626
5143
2874
4446
9790
6428
5410
8220
1422
559
3129
4283
4322
6099
5730
9310
7359
6608
2327
5528
357
1314
5661
504
3581
2907
4926
4329
7505
3528
2014
8671
8895
3574
1643
3515
9851
1868
4592
293
7523
3395
1377
6667
3432
219
2376
3312
4138
3145
6224
3374
3799
251
4771
1593
885
1580
2590
8583
8048
9944
9862
7930
1693
4822
6008
1889
8955
8305
9143
8852
3542
475
16
4662
4391
8872
1461
6592
647
1234
7692
8858
858
8674
1630
6781
2457
3715
1395
505
9121
8044
2258
1797
3845
7892
8434
6657
420
5807
6717
9510
3808
9387
6277
3452
2458
840
4543
4918
562
5298
462
6293
7717
461
3937
2061
1850
7223
7646
6317
4594
7842
2109
6079
6013
860
1732
4514
9898
4157
9391
7394
6167
5112
2278
8442
6553
8581
8996
292
222
6568
539
1813
6384
6567
7533
2583
4744
9946
5965
7860
6215
921
5903
2967
24
9138
250
5961
5744
80
5827
5786
2917
69
7610
6124
6485
8145
5009
7264
7643
6561
6853
213
6532
3475
6422
4789
8141
8291
4000
2665
7362
7620
9606
5365
9354
6381
5285
6902
1108
4246
7607
4331
344
2273
2121
2739
4894
5380
4460
4029
5783
4488
2270
5123
3571
662
4005
5444
5164
3231
4783
3779
5032
3874
4808
4230
1497
4406
5055
1846
8579
1957
3105
2526
4957
1403
4252
7500
177
1844
7340
8308
5849
6661
9768
7736
7995
561
666
9948
1345
3680
1056
2572
5889
7700
9350
2573
6785
328
7191
1432
9664
7576
1333
2186
1639
4240
6430
2966
7461
9092
8007
9497
641
5569
598
3876
6666
5275
2846
8399
4928
507
8429
4135
8648
6102
1495
7032
5461
5583
1501
8412
2876
9492
5548
3040
8085
7073
4016
8876
9800
3588
5149
7857
4129
514
8105
3056
2558
4273
3169
8115
6357
9128
1741
522
2507
964
5631
5454
1215
1536
9848
9188
722
4088
2959
1824
2456
9923
1651
2485
5314
3261
9637
3445
1721
1100
3662
4496
8299
4781
2689
6569
3181
9803
8228
1744
7585
8158
6560
7560
4105
4
2702
7424
7825
4259
2703
3154
706
7850
4425
8894
4805
8723
1156
584
2720
1471
5179
1248
7601
1150
5977
348
1434
31
7917
7538
2155
8946
7153
8725
2697
742
6452
8050
5086
1632
1508
3904
8477
5205
5814
5194
5070
7416
7973
3564
5765
2298
2445
2320
4180
2276
9432
2754
6515
1897
1905
1205
3290
4032
5476
9269
1609
1621
6535
1524
7664
2307
6868
6288
1665
2661
5985
8622
3045
4321
2034
6401
9148
7371
4008
5352
2493
4348
2714
7996
5460
6518
5427
1509
8960
2872
7265
1152
3880
9758
4196
1951
2794
2860
9156
7224
8168
8083
6631
9827
6941
6468
9643
7818
360
5234
1044
832
4165
5766
5589
3052
7597
6449
4372
8334
314
6493
7659
773
876
2005
9867
9397
5674
709
9774
1950
6349
1418
8938
8369
5122
1378
4941
7791
9003
3323
2537
1492
7295
566
8151
4334
8700
6520
6320
820
7570
2806
324
2893
2480
542
4256
1131
4545
7018
5557
6725
1784
6345
2591
7608
4036
8018
8316
4619
5251
6807
3137
8381
9555
9206
5447
2704
979
4014
6793
7742
6794
8137
5643
4720
120
1859
2185
3408
9399
2693
4181
8136
6490
337
40
8107
126
2501
5563
2068
3560
8685
7653
2429
1116
62
7204
2072
9112
3376
6189
4243
8467
9557
3185
7007
2058
8218
3034
3603
5252
6846
3331
1690
4465
7404
6954
6948
7301
7501
6587
3955
2968
7964
9257
1932
9949
2084
4019
8675
6158
993
4248
2518
1522
9020
759
4449
6459
159
2224
6396
3914
6358
5030
5025
545
4651
7214
2029
4397
5227
7701
8161
9469
1439
7439
7144
4839
5388
896
2393
4908
4974
9511
4313
1233
1393
3470
9968
3987
1956
4098
5937
6002
587
7216
5211
9711
8633
7535
5685
6889
6683
6343
3446
6231
6474
7572
5133
2170
3772
5517
358
4504
1634
844
4709
5593
5855
6504
6318
4703
7119
8491
7296
4978
4060
2138
6628
2682
5432
7315
1911
5161
2073
2368
6829
7688
366
9110
2821
9761
8562
2748
3285
4638
6256
426
7899
5839
161
8265
3613
6477
8714
7140
8961
3321
3602
8578
9715
6070
2679
1094
9912
3990
9642
4874
7256
5862
5747
1560
9951
8709
9459
5313
2486
6416
3824
6066
5309
9260
8422
6500
4763
9197
2616
7331
2413
2232
6929
4339
9025
845
6172
7324
7248
1445
9788
6523
1038
5101
7486
6971
7430
9054
6128
3500
103
8469
3932
5536
6718
7106
1822
4958
1919
2800
6779
5270
6721
6363
4820
8544
2444
7244
6740
3178
1082
2997
3819
937
149
2465
6083
6597
9052
8336
4523
5993
4901
9714
9781
5238
4006
6155
7591
1656
967
2582
2074
998
124
7027
1921
8045
5639
4017
206
2612
170
871
6637
6221
4384
866
7024
544
3396
1738
3777
1254
8357
5386
8909
2926
8
2477
6563
727
8036
4927
9650
3232
1725
8383
4943
6263
1339
4529
7672
9017
3761
9030
9978
1346
1096
5732
9323
6481
9859
6467
6876
7936
9119
9706
3484
7884
6763
7830
8439
2268
7243
3624
7482
247
3725
1147
4120
7510
6745
5854
8613
8646
5537
3266
445
5037
4897
9692
3158
3604
1014
8548
5434
3345
3854
5986
4442
7145
6901
4134
6321
6714
3539
436
7847
7528
9375
8893
437
7178
5755
2647
6464
8920
4045
4772
54
4678
4826
1222
2011
8230
8060
812
7354
7291
8950
5017
2642
8098
4239
8047
7695
5140
716
5788
4393
3557
498
3678
2864
7374
1736
5154
2867
8906
7988
7873
4007
4578
8386
9297
5351
3567
8625
7525
3506
9753
9914
8713
5462
9181
4844
5469
6050
2544
5725
7931
2576
3739
4542
3268
3142
4492
9226
1313
2670
5287
8103
9168
7826
4751
5956
7529
417
6986
9068
6369
5111
8150
3825
5813
5510
4042
6989
34
9551
862
4530
6623
3309
9994
5341
1998
9809
8677
8793
50
9772
7323
4073
9154
6596
7233
157
5619
6370
7019
5075
1677
8948
7838
5850
4788
2535
182
2729
9312
5094
4770
1073
6133
583
3346
970
8557
576
7618
3958
9779
9619
4314
8693
771
2978
3090
5167
427
1278
9892
9817
4532
9570
1208
6533
9372
3931
3029
7405
6654
7495
1045
3383
3520
4902
3479
8110
4695
5124
1943
320
9308
6808
1074
784
904
3940
2532
6509
9261
6091
7898
1247
2510
6858
946
3332
6713
1581
4175
4187
7592
3300
1605
2339
8719
2169
1370
4066
961
2040
7719
6174
7075
6397
6228
969
283
2282
642
5269
634
1579
3561
2657
2938
6262
2202
9622
8549
3499
6129
3666
7382
9089
6566
3394
3087
9876
1541
9725
7602
3843
1353
9222
7880
463
4150
7922
4018
263
23
1204
2369
9063
8597
3661
3113
5815
1718
9379
597
2752
2919
7172
6074
7455
1341
9265
2551
2137
5538
7375
476
2264
3240
2742
3851
3780
9526
8682
8231
4976
4964
5137
3187
9958
8503
717
989
4439
2205
3954
9293
1575
1470
6011
7776
2878
7283
3684
5170
3648
8726
9295
313
4824
945
5248
9813
7568
1739
6319
4982
3217
1821
7853
6706
6311
3656
4684
6078
4847
8108
9113
8021
1300
9921
4691
9814
2153
8102
6003
7943
6466
8495
254
7805
9845
1291
1087
9086
4110
3451
7241
9465
9097
1410
5038
3522
8797
7800
5474
2914
2568
5295
5647
4023
3291
7411
5165
7557
8328
3133
3784
3786
8460
1619
4711
9027
7445
379
5896
6811
4629
4857
3264
7258
14
2643
6018
7059
1355
153
8084
8754
9290
7342
9114
2141
4516
2459
6705
2353
2934
5541
7267
9448
3787
2820
6758
3336
6253
1927
5692
1596
3562
4099
3892
1763
5928
5011
8993
4969
5712
2659
9065
6211
9585
8244
4610
1446
2053
5031
160
5953
363
6528
5844
9386
2738
2855
2460
172
3122
2767
4965
176
489
534
3276
8756
4870
9047
4608
3609
7553
1811
4480
4841
6704
2663
3510
7783
5910
1731
9784
4951
8837
6961
2142
4864
3895
4274
4863
7755
1614
4225
7146
5391
7904
3026
2256
1397
6153
5734
9773
6486
8006
3554
8162
6867
1711
4237
9979
2975
7037
4743
281
990
8302
1993
7088
719
7049
6328
7469
8563
1031
8908
4538
1790
2043
4130
8209
6905
4609
3746
2701
1112
2795
3109
3350
5917
9364
4155
6395
9805
4944
6497
575
8282
873
2691
9771
9935
711
9620
2667
9660
1678
552
3992
2362
7600
3668
1284
2349
4359
1754
8488
1929
9305
9104
8375
7594
4221
3364
1952
4418
3527
1442
4861
7636
6095
6525
7774
9639
7129
3756
5592
6244
9130
5900
1892
8015
2514
2010
1003
1098
4394
5680
1280
6579
6945
9342
9663
3039
3785
485
3511
8264
8014
4354
5580
9893
6334
9614
5003
7885
6755
5995
775
5448
6580
3595
2384
3858
1733
2026
2437
9359
5958
7554
6870
7462
9676
2592
2918
2210
7963
1405
388
7768
9475
3066
3061
467
903
7293
9172
3201
9563
7138
9026
3403
4255
8485
8061
8779
8378
3630
2712
7914
9080
9611
2016
7513
3430
5688
1902
2555
8251
4085
2334
1230
1785
1923
233
2394
4742
6031
5493
5983
7716
2119
8287
3969
7920
5739
2426
3279
9659
2629
5946
4171
4235
7944
4632
2051
9751
5871
7033
2312
4710
1030
8736
9383
8924
8121
2783
289
1289
7084
5054
2000
4375
2610
6886
7603
1852
3255
2041
1297
6524
2869
5602
2948
4668
4834
4214
5836
1004
9246
7580
3563
7279
9298
8915
2246
6388
5972
5007
5666
5212
6132
2906
7726
1018
5920
6027
9977
9895
8898
4200
1676
1379
7090
9556
3523
7350
8989
4791
5841
3977
2097
6730
8751
331
9205
4145
802
733
5858
4395
6585
1853
9158
1416
5657
5276
7586
4315
3962
1046
4133
7052
3441
4444
1051
9796
3265
6181
533
6308
8095
5327
7312
7388
7053
3115
1498
9041
2596
622
8066
756
3144
142
4229
4752
8810
2365
9843
2359
2546
2466
6953
1071
918
7793
927
2857
9487
4868
5464
8641
6663
2595
294
5681
6691
2291
8945
6749
815
2184
5014
8771
4579
5059
3316
6054
9708
7497
7593
3317
1290
3112
2035
5539
9494
2886
8274
2541
3827
3652
6063
2902
1305
4905
7548
6837
7147
7530
22
1660
3526
9797
2300
5624
4535
2722
7026
2569
4012
9658
3168
1411
667
8783
2158
786
1025
1687
9998
1315
4634
7134
2154
4166
8447
3393
5684
8953
4831
491
3950
4968
7055
2851
8040
6734
7779
6058
9123
8530
75
8343
6778
5254
1926
6324
7619
1238
3632
5221
9878
2779
8028
6942
3028
2925
5334
6874
7813
4628
3986
6647
6146
3391
2436
3911
4436
3983
2055
4093
8977
3795
6292
2981
6726
3657
8795
6406
1173
9854
1681
1202
9840
3236
6630
1090
2798
8547
5182
5153
8517
5840
2905
4038
8224
4360
7433
7163
9993
9378
7463
5416
7369
7282
3677
5342
2473
752
6407
277
1463
5970
9355
8659
4850
8154
4299
8207
3629
2284
2331
7393
2877
1123
6076
4047
299
472
7023
679
8186
6999
5678
7494
1764
5425
3044
5292
1511
2520
5246
2475
7208
9562
235
4655
9690
4199
1982
1261
5006
5891
1538
9262
8870
2409
5046
5219
2728
1600
6864
1841
479
4602
6639
3775
5748
6501
279
130
3324
7760
653
3627
6668
2778
5090
2404
9749
6111
9247
4815
658
5912
7189
4232
9930
2549
7503
7100
3131
264
4775
4738
3809
6192
1635
3738
7344
2570
947
8873
2255
3362
3180
5984
7907
8618
2071
2257
5941
1192
7810
9460
9106
6689
2213
9820
8875
4745
5974
2801
9105
9726
3658
948
848
3812
8763
2259
8198
2430
345
4264
3360
6908
9303
6246
4945
8064
1217
6445
9320
7370
974
3471
599
6065
9163
4549
1916
7448
3256
7517
5555
6239
392
6824
8929
2711
4413
7203
2626
731
9082
3555
1491
8966
1390
972
9853
9683
3107
837
6305
1178
8775
1172
7968
5121
1218
1375
8880
451
1477
7207
1517
732
6911
6966
6769
8905
723
2328
5415
8377
9388
9214
2773
7384
702
8424
7328
6143
5543
676
3147
5162
8588
4159
7577
952
4172
3001
1352
8347
1296
7507
3719
4860
2630
2805
8259
1770
578
8241
2525
3596
1907
6677
3898
1032
8990
8887
2385
2849
2863
7377
6789
309
8076
4903
5169
9058
7132
9675
5714
9746
4814
5793
2921
6499
7706
9832
5542
4931
8552
2046
5790
730
8479
8172
2760
1934
123
4896
6768
7181
4593
7212
4975
9341
267
4304
6057
3503
8074
1251
8109
4267
8518
4242
9589
9091
6240
4081
2269
2149
1398
3250
8366
4300
8082
4127
1502
8451
6738
2085
8164
6744
3223
4399
1438
4663
70
7669
7935
4764
681
6777
516
8490
4390
8900
5120
2107
7166
4231
5241
7176
4754
9414
4757
5440
5359
5706
5704
9623
2913
1311
174
2112
6708
7545
7765
7984
5612
9153
3926
2972
8661
3757
9586
5959
8959
5200
7473
6101
5764
7226
5882
7894
4386
2880
1597
2060
4025
7389
8384
5640
7598
4330
5100
9578
9480
9300
9739
2945
3043
3414
9594
4922
8476
8918
894
4382
4688
3020
5001
6062
5128
2557
3313
9183
6115
1424
2389
5497
3552
9953
981
923
4948
657
7851
6175
290
3531
6338
809
341
6996
6581
226
3326
4534
9324
4898
9752
6572
2953
7730
1327
7735
9250
7757
7412
4307
7640
8525
4218
385
3353
5671
9431
9361
5550
9456
5294
5635
3518
3568
9528
4872
236
2244
5922
1558
4366
8848
3023
4828
4222
5144
6138
9543
2957
9241
7522
8205
8122
2179
1987
2039
7743
7321
7229
7425
5694
4835
9389
6230
3509
5662
5927
7875
7938
6245
623
3406
3729
9887
7766
8286
6028
857
6090
1459
1908
1633
686
6191
8125
9278
9309
5905
1121
2065
6893
2547
2789
5308
7273
7792
1186
2311
2724
6601
3457
2491
1383
1408
9268
8344
6029
5088
4137
9450
6622
2302
6061
5887
8080
1970
2627
6702
8832
1585
4679
4377
9170
2963
3046
8404
1618
9291
9703
3869
4906
8919
9882
47
8698
1669
9600
3938
166
1913
7648
1981
8309
3767
6809
3820
9408
4109
2037
5718
517
8179
8790
5761
3948
4907
5724
3384
7723
9227
1372
8234
4417
29
992
890
604
5638
4297
6695
5675
3141
5507
3963
9037
9597
3590
3175
5258
6944
6804
6483
1190
1007
3949
4427
6616
6912
1646
4411
6545
2131
6930
5093
892
699
6985
1066
2225
1195
9079
8197
8978
5116
7865
690
2250
2283
3032
9754
9207
911
3304
3821
9679
8829
1603
5023
3800
4622
4676
9365
9929
2382
3281
3838
9215
10
3862
6475
282
7751
3857
9824
2427
6086
7498
9791
38
1988
5058
5068
2656
5498
8844
2497
843
8860
7330
3449
129
1207
183
3655
3894
4707
4865
7431
5256
8206
3096
4660
2294
8262
3644
6361
4698
6402
5242
9763
3908
836
494
8638
1084
2654
6186
7044
4216
6951
1557
5909
966
1400
2396
246
7970
4923
3752
1944
2321
175
7820
5992
9801
7397
1787
9917
5923
2431
4173
664
8170
1701
2120
9856
5513
6295
7704
6085
6052
1827
4363
5155
8201
986
1447
10000
8144
2163
2619
8511
6849
7969
6316
2303
6336
4347
3009
391
4495
5106
7435
8891
9950
2770
9829
5682
1990
8410
1
9306
590
1139
2099
7126
3740
1917
580
841
6967
6782
7087
5938
6910
8057
5385
2638
5775
2423
8535
4234
5595
1960
3143
1244
4481
4882
5866
5699
5781
772
4842
2766
5331
4356
2488
3505
7485
9696
9145
1712
1487
2123
4723
3041
2419
5073
3251
553
4186
5581
7125
1774
8778
3822
6451
7565
8654
8937
4556
8268
5317
8253
6783
6275
211
3311
8204
917
8039
3826
1160
2190
531
151
6222
9812
65
6016
5264
374
8831
6950
6517
6928
3831
6530
1958
8483
1922
4189
4076
8097
2903
900
1010
3183
9564
9224
1588
8745
3651
9731
9938
6410
4830
6770
7720
7347
3682
3172
3074
4024
100
1396
429
671
9980
381
9928
232
6576
9142
9822
1203
3207
1138
1088
8372
7403
1890
9755
5113
5181
424
4078
7566
9579
5990
8011
5267
9584
4498
8871
1570
1184
7427
7509
1465
3271
6591
7626
8970
9352
2165
8106
602
7558
3439
9656
8426
9926
122
714
6389
5363
5899
3519
5151
7617
1219
7332
85
4122
271
8140
2226
4573
1954
9147
2021
1304
8688
8750
3069
5757
6956
8249
9542
5
5268
3906
3577
2023
831
6534
5784
15
2007
6072
1679
4640
8330
1394
1357
7604
712
3152
6924
4337
3626
9208
5378
2216
3425
478
5400
6843
3400
567
9166
7239
9101
5382
3085
3094
4747
2336
3807
2680
5173
6821
1451
9757
7950
4182
4597
3796
3995
3733
413
8626
7756
6100
9313
8236
6075
8664
5808
8701
1077
112
7094
3194
6741
4027
1252
2780
2725
3051
4257
6542
3135
7157
695
3912
3758
2545
1149
5933
5997
6243
6216
8807
9996
2740
3242
5633
398
1392
9042
7681
7266
4194
3306
2777
2387
3359
5207
4451
5787
1223
8914
6495
8733
1273
6080
4102
6137
4582
9150
8801
6947
7909
1727
8069
8521
8651
3171
630
7308
2895
3148
1199
6852
4272
2648
7113
5259
2830
1962
881
339
637
3253
5257
783
6932
1449
2955
3735
4151
3930
755
2402
906
2243
2280
1325
3067
5168
5769
7952
9194
1896
5945
9339
6557
2613
1709
6367
1799
6833
1749
4718
7127
9087
7896
4502
6227
8149
2824
3713
4193
3428
1941
9509
2947
9909
3683
2096
3412
7345
2890
393
6043
6550
4986
2330
7633
4576
4373
3671
3330
8822
7977
9472
3726
4773
1577
3681
694
5575
8735
5381
4244
7004
6508
3587
6127
620
868
2489
6690
5146
9864
8617
9587
7831
6287
9846
5000
7705
9571
6506
4383
8686
11
7366
748
7399
8949
7136
7749
2606
4769
1569
5546
4855
1286
3543
3743
457
9684
6838
1670
399
5780
4531
9633
6417
4508
7821
9778
3342
7714
9732
838
6291
3760
4419
9959
9437
976
1061
7221
6047
9667
3327
5027
4247
9196
639
6309
4724
3399
2865
8049
7
8138
6147
7005
1048
4048
403
9615
6059
7247
9522
9233
3247
2694
6625
3355
6538
624
6918
9452
1212
9343
3272
6145
3204
6994
5414
4409
9216
8470
2087
394
8211
8269
6012
6110
25
4067
1067
8632
767
5465
5420
3866
5215
512
3252
7447
983
9617
7703
8519
5353
3675
4305
5669
9785
9245
5898
8840
5277
7383
1735
8958
1078
9277
7159
7888
6963
1054
1963
743
794
2089
1591
1616
8512
3885
2252
449
7753
6427
1279
1260
186
1882
6438
8589
163
3245
1746
6405
5345
5306
750
4987
4340
4692
7916
2534
5987
4606
6828
7338
1294
6871
1542
1696
7451
5830
3529
8473
8194
1685
9804
3747
4777
7958
4636
2737
984
9044
9180
5831
3298
9802
867
4603
6552
2631
7225
5679
3897
8056
5056
8867
7599
7091
7921
1886
9920
315
386
249
9393
9103
9734
875
4459
7434
4190
9567
3220
7336
4694
8417
1884
3970
6009
7534
8086
3184
7381
3215
3693
6866
27
5019
7158
5092
9889
8400
5964
9634
3402
6848
872
9599
2628
4727
9131
9117
8973
4482
7184
5943
3344
6296
1695
4917
7816
3759
5768
7302
5291
4303
2834
7079
6670
5147
9871
4611
4149
6234
9461
7102
5263
1637
2506
3841
2508
7939
4915
4509
4998
2405
2749
5152
109
8559
1604
7997
8911
1187
3712
8215
8952
5433
9508
9729
354
9276
7552
5875
5036
8243
8565
5623
7786
135
688
3832
2854
2296
44
7974
4474
5904
7284
678
6646
6610
4208
256
6882
9502
7045
8070
5590
9395
8854
9831
1972
288
6353
2871
128
3082
4312
7819
1426
5617
6831
2509
5214
1877
1533
8329
152
6679
8721
39
793
6933
4667
5614
2038
6792
5202
6671
2044
611
7625
3367
8143
2861
810
1454
6176
8509
199
941
568
7085
9424
8114
9045
5696
2658
7658
4852
4914
4344
6248
7624
3635
7187
1144
7994
2623
800
471
7678
4435
7031
7924
5305
2450
8652
98
8724
7013
7387
6757
9427
8266
9704
4434
9595
5926
4838
7357
7174
2293
1650
9059
4031
7852
9995
869
6575
3436
3372
7724
2117
2215
3853
8388
965
4291
6869
6940
1135
6559
396
2970
6073
7549
4786
1949
8394
1854
4924
6931
9328
3817
469
3233
8847
4630
5364
3369
9090
2908
4762
7477
9125
7017
3852
3398
6619
6450
8147
9539
7581
5559
2788
8248
7034
3750
8815
3460
2723
2249
1262
4735
9155
8464
1092
6081
3246
1384
1532
7062
1873
5584
4680
8656
8290
5231
1910
4358
2836
3303
3491
6354
6046
6607
3437
3516
2013
1716
607
8637
7627
6775
3929
4140
3021
6109
9083
8392
4202
3875
9821
3193
3879
1307
5634
8283
4280
5135
2309
8994
3641
2188
276
9903
3565
7236
3027
7910
259
3243
194
6880
760
2199
4336
7685
5160
5571
1332
2487
9868
2870
1159
3815
6642
5758
9891
9500
2
7905
2792
9742
8478
8828
6118
798
1707
8181
1757
4290
9240
5157
4571
5753
2347
1391
1606
2338
7361
3099
4084
6543
8415
4675
3485
9081
9141
6602
4324
6627
6892
7707
8540
6141
6728
8593
7744
202
333
8545
7386
5521
2260
9016
5084
3872
5422
8468
6423
9716
7785
8120
6987
741
4513
1063
4795
4553
5077
1049
4069
5220
8493
9002
5044
8740
600
3546
3387
8752
975
5069
8705
1080
8614
6790
744
383
4119
6220
8005
4426
6444
6284
5139
8062
7143
1433
3420
8043
609
8359
6325
898
4853
12
994
1510
1529
5438
6748
2432
143
1312
1547
1158
9636
2832
4736
2388
5577
839
5727
3161
7040
9457
931
5601
4793
9574
6555
8592
2222
2286
2764
9264
1034
1961
4086
4558
5376
1838
4988
7182
1140
8577
6237
5189
8569
407
6513
4813
9847
7259
8956
1270
3994
1715
5262
3320
770
2848
3098
8397
6439
6173
5403
3413
4934
6847
2408
8037
882
2845
297
2758
3580
272
1505
749
1667
8428
1599
3530
8607
2434
7320
5966
6583
5848
5735
3768
8934
8382
8256
6067
7668
5053
5843
1587
7767
7269
474
8195
661
1473
2144
8472
8845
8026
7368
8292
7348
1848
5817
6431
3206
8772
4993
8850
2113
9280
1912
473
2746
801
2651
1474
133
7114
4911
7862
6674
3244
5717
9256
9685
4869
4316
9273
7008
5081
3610
7684
9709
4404
8804
1622
6881
7161
9358
1582
9294
8327
2765
2611
7314
9474
6055
2017
8210
1076
8605
141
2446
495
3665
1814
260
6130
2567
6780
6302
4053
3828
2181
8189
6213
9886
7452
4589
538
3174
7846
8570
710
8602
6527
5585
1347
1040
4840
8510
9673
4877
9122
5800
3221
7380
2552
3749
4946
46
8333
8348
4083
2482
6021
814
5203
9398
1130
2533
4881
4106
3920
5677
8587
9034
5079
5010
6765
3592
3811
7200
6399
1861
5412
8821
4128
5884
697
7683
7149
4875
7133
6786
7902
3365
1002
7623
3794
826
2939
4466
6374
9287
7496
6297
728
7661
8963
7339
2503
2785
3448
3689
8647
3343
7859
3280
8817
7524
9376
7951
1206
9616
6022
59
6845
4643
3670
9793
5867
5720
2672
4430
1113
8890
6582
5716
3202
2315
1857
8944
9190
4620
8883
7232
9346
6680
878
5883
2067
5825
8446
7349
6432
7487
4080
1299
3182
3176
3611
9140
4642
8276
8811
6400
2524
5520
6371
683
4528
4887
9100
2548
3730
3114
6681
4284
2982
2267
8261
6126
7329
7799
660
8009
2356
726
6776
446
7712
6878
346
4288
2103
6190
2227
4854
481
2965
1109
5847
2271
9533
3431
2020
440
1883
6251
782
8273
6140
5040
8799
3773
765
8849
4515
6773
1496
5107
5504
5929
7227
5819
4057
3219
4990
3776
3993
554
7889
7288
4595
1959
6210
729
8572
3192
9652
5049
2251
145
5360
6939
2716
3507
6071
6943
5885
3015
2146
8596
627
7828
2622
7584
7069
4992
1720
4364
4696
4318
6752
28
5482
5389
6992
2809
5649
9174
5392
3512
3764
5016
5806
3707
9349
8087
1649
8119
7209
4641
2484
7787
1499
378
7304
8974
1120
2802
8985
6168
818
2442
7080
4916
9384
6827
1310
7527
5698
3830
3235
6355
1246
2674
5062
5645
8285
1514
3741
4997
5190
9185
9866
465
8425
1128
6716
3999
4562
6342
4207
5468
520
6652
4392
6258
8247
7991
4760
2237
6089
9254
5837
1272
332
5533
8237
3865
9321
2585
2148
806
9641
949
3974
1479
8507
2090
7981
6433
8902
3766
9406
9760
3070
9258
1904
4871
9828
4371
6123
3861
4209
3077
3514
6084
4074
5654
565
4829
2135
9870
6362
8546
1856
8862
3382
2417
8370
423
8471
113
7379
6409
5066
1110
1478
2248
8798
3146
6733
651
7637
7713
8350
4880
9253
6301
4477
2111
8903
2358
4616
9076
2502
5705
4886
9969
1555
7070
7547
9974
4883
5426
9890
7807
5629
9443
2032
7955
6862
510
6457
909
2266
874
8297
9662
30
7252
4002
9187
7464
1016
1065
336
8466
6544
8232
7752
5332
1257
8118
3579
9550
5752
2920
4753
4123
2304
9654
5171
2028
581
6826
296
2018
2398
1782
3296
6995
7536
2469
4778
4910
4141
9877
920
1520
3860
3744
4400
9301
3692
5489
4980
6165
9165
5156
7438
9541
9192
4136
3868
3053
5368
1165
6241
8513
2859
3625
7432
3177
1584
6839
4848
2519
677
1722
870
1423
6455
9315
2589
5174
5485
5944
8411
7419
5183
400
2461
2411
7511
1200
1745
2228
5318
487
3062
4420
4600
2115
352
560
1601
5271
991
9823
7567
5700
8819
1415
402
9482
6034
4320
9442
8226
1220
8387
7947
8099
9872
8988
9004
6988
404
6844
5472
6521
9677
7245
8907
4567
8650
8311
5411
4613
9136
7257
4919
1671
4796
364
3553
916
7546
6634
3806
5057
8792
6163
3534
8317
3349
406
9274
7442
6304
1700
3934
228
2563
6202
1363
169
2467
8310
9336
1069
8250
2194
2889
3371
737
4484
740
8101
6249
164
7277
8351
5043
1401
3482
8322
9672
592
5358
8496
8826
2367
5119
4932
7355
5979
2841
4785
5907
3686
537
6010
3005
9094
1513
7322
1328
2553
9304
547
6347
3943
91
1460
409
2380
2143
5185
4323
7122
2080
5729
9727
2664
1389
7771
6049
7268
5845
5673
2986
9612
7901
2379
61
3490
2755
962
5321
7472
853
5453
387
3007
3497
4800
2195
1060
5323
4469
6103
7440
7376
1196
2850
1871
7317
6603
9750
9177
3792
753
9514
2263
4361
7622
7465
7428
2707
2668
3617
8345
4858
1193
7802
7367
2858
1435
7971
1967
7201
7484
6834
5126
4327
5853
4101
9728
9798
643
6537
2392
1713
1089
6098
724
8667
6000
6676
7654
1364
1870
8967
9332
7962
3489
5618
4065
1450
7817
7605
2999
1675
7881
7531
1404
1674
7444
3754
3753
3216
2189
6723
8888
1157
1612
5760
3050
5387
4940
477
1118
2047
3110
144
3047
8458
2310
6813
3288
2323
5860
6419
8419
4623
5195
7000
9580
2483
6280
4721
3536
7436
6219
5906
3498
8975
1734
1830
5217
74
3325
2632
2281
3803
4985
9392
8390
1906
4429
9467
8678
7959
4510
6729
6205
6093
3348
6348
3139
8982
4447
9038
2223
4401
8571
209
5356
4804
3218
4204
4551
5971
2971
795
9127
6656
5789
3886
2134
8025
2211
6978
9470
6235
1317
9454
8267
5191
5266
8013
6710
7249
7112
5201
7613
1093
2554
5529
9014
9335
9602
4774
1329
1586
7772
3687
614
2395
269
7353
5512
4146
418
2601
4254
7667
7078
5560
3269
8245
9164
2636
148
6460
7588
4470
7043
8992
8809
6380
7006
6051
2422
8768
1283
8813
9789
7421
7364
6599
8642
955
942
1407
5524
799
1976
5372
3022
5158
4457
9491
8157
1428
6887
2351
886
9512
4809
6739
1755
6917
572
9697
8188
8968
1792
1494
8349
7286
2161
6378
5419
652
5856
8823
2733
1455
90
4607
7612
5223
2344
6038
2371
8380
7824
3473
5526
789
8927
6290
5572
6469
9126
2160
9279
7561
4614
6720
456
4115
9212
4412
5008
5596
7492
244
6551
1881
7316
3354
3058
2203
3163
3633
828
4836
8376
5708
4658
4596
1099
8567
4071
9955
5159
8033
8418
8744
7923
6443
3793
8294
6
1028
108
1359
6023
4758
3103
9897
4261
2451
9417
9218
2440
1075
1166
9
2692
4546
7945
7728
2098
9767
2197
2584
9954
518
5074
6703
1544
6788
5369
3358
52
6692
1250
8786
6267
5344
9592
2814
7341
448
579
110
311
7874
3765
2003
241
4560
3057
5274
1559
5746
864
5655
8100
5494
5740
3967
2700
6274
7559
3134
125
227
372
1183
2447
1705
8954
2057
5879
5625
7632
8971
7990
101
1535
3335
7937
6026
9011
777
4410
509
1239
7848
3818
640
8280
1829
2852
9547
4462
1528
9109
6045
8142
5877
7867
4161
6285
3014
2415
5968
7780
9429
4859
6983
2763
790
8242
4497
3856
6539
1594
6629
6906
8239
8023
8078
1406
854
397
9230
7210
7276
3823
6492
3417
5417
8403
7670
5988
4286
5963
3570
4947
7582
2176
5230
4249
6613
4767
1354
995
1791
8254
2562
319
6107
9132
7698
3341
7303
3086
2399
1468
185
4699
2279
5503
7335
1714
9182
1231
5763
6094
7837
8331
8128
2183
6179
9741
2015
8332
1101
6937
5942
5280
2157
2139
9236
1350
1440
3727
9008
613
8148
7876
6799
1938
7727
3173
4681
5098
1365
1324
8459
6698
4169
7410
977
6562
3214
8621
9905
1462
4714
4113
6322
5915
8584
9423
2931
6772
7849
3119
3971
9735
8536
996
4843
3080
7635
8796
821
3228
1920
2438
8260
1062
9317
1914
5035
1179
7521
5527
2166
6715
3844
6650
4750
823
3002
577
2391
4505
4055
9738
1482
7934
5232
6890
9051
2829
1331
9678
1214
675
6298
2719
5350
1628
4004
2652
4583
7515
7621
1589
4203
9401
2400
8704
8916
4920
6842
3631
1546
6586
7890
3888
7833
8759
6278
807
7311
9463
8281
5989
8717
1141
8619
173
4635
2479
7845
4921
7327
628
2033
7750
7992
3462
8574
5481
3379
5082
8904
2064
558
6208
1796
8191
5607
3415
570
9566
8558
3673
3669
253
8766
4125
704
3347
9501
1348
261
8522
3153
6644
506
1201
1006
4402
1901
618
1810
9945
7687
3540
3463
4995
8818
6675
8773
7651
7794
7039
8288
1335
6391
3088
7754
9943
8741
287
444
1161
629
3054
5204
5407
4925
2079
3883
3945
8113
231
8462
7788
1306
8004
2910
4095
1229
7946
2024
4294
3010
1834
4381
9999
2844
7107
9957
9657
9756
4811
1091
4087
9885
9907
5355
2277
4891
735
7478
6056
4890
2762
2471
9665
3688
1694
8935
9894
7647
1114
5033
4912
312
3095
3598
499
4568
2816
2004
5950
6977
1367
9916
8753
5523
2104
3731
2066
6365
8183
5951
2984
9462
4563
9879
5756
9237
2942
1243
3836
5311
889
8277
5895
6724
2001
5709
2842
5606
8923
9745
7213
5296
7502
6612
196
4271
9225
7151
8176
4142
5199
1751
4028
1182
3356
8760
3424
1611
5255
9019
365
9481
42
2662
6424
4075
9989
6359
6209
5307
4325
5370
9648
540
7506
500
2991
4899
9084
7680
3211
4100
6673
2774
2828
205
7781
2448
7796
229
9702
5022
2730
3973
9967
7048
5565
9733
214
2847
1704
1047
1666
9348
9628
8520
9777
8325
6261
5872
7980
6510
4942
8506
79
1986
2578
8695
3690
3636
3849
4689
2891
7270
9940
2414
9203
1085
9137
5456
6531
3585
5178
2710
6282
6462
3921
7016
9875
3106
6269
852
8554
2370
217
2175
1050
2923
452
4673
5302
5441
8126
7827
4009
1590
2620
2897
5809
5222
7957
9937
5197
9445
8665
1899
2607
9455
7263
3368
9471
5656
2156
1758
7420
1033
5115
8127
4468
6771
334
3283
1999
7550
3907
1752
6526
3566
2425
556
779
2676
225
1682
1486
8925
8611
8363
1301
2995
9098
5642
9701
3745
9266
7300
8921
2421
847
6454
1576
7656
3939
8058
4191
7631
6053
3121
5339
5408
997
1136
8438
6082
3123
2512
8555
8090
3278
1467
5061
3468
1441
4121
3952
2019
6503
9033
3299
2973
3960
3116
8139
7679
636
5532
5449
1786
5163
5108
6588
5243
6764
1117
7254
2208
8185
5908
703
9420
1789
7491
6920
792
7649
9640
3079
7193
4648
6420
2316
3450
1228
6832
6473
4044
9171
4845
1747
5247
147
3366
1706
5622
7660
4355
302
9299
1663
5354
7408
3961
3016
7012
9724
6975
220
2219
2319
2116
9952
280
4937
9722
550
107
304
4104
3464
825
6392
5428
8881
1448
4825
1132
3474
6653
9747
1816
5390
3685
569
2896
7911
5488
1506
7351
9023
1864
9520
4156
1966
5828
2932
2317
6522
7942
115
4748
298
7104
5188
3480
668
460
7949
7710
2233
9808
5383
1806
4043
4587
3060
5041
216
2819
7773
8272
7616
8841
9488
8684
9056
3373
5486
2236
9073
2892
212
4740
3859
5148
7197
9924
3513
1256
4647
7674
1638
615
2581
5483
1292
2235
19
2883
6898
8679
353
589
4705
4485
4979
588
4821
8649
8413
8420
7777
6440
8853
6383
4266
8869
3548
8030
9382
5743
6968
2803
7532
4715
9973
60
7437
1013
3660
9316
9647
1688
3155
6077
9464
9135
7866
4939
5478
6379
6177
7479
5002
9569
2900
8454
295
13
5564
9070
3833
9992
2964
1653
3714
9605
8196
2599
9238
1771
2406
3649
4525
5265
9883
5851
933
1386
7673
9670
987
9834
5166
6558
8053
1043
1137
6511
3421
2274
3127
4026
6366
1983
3419
8010
6604
2354
1185
9545
2495
6007
804
1831
6478
4598
63
912
6879
2741
6139
5328
1264
2769
1374
8178
5218
2637
6097
9991
4154
3465
8616
5723
1293
754
190
3401
7978
37
9525
816
6791
4020
9043
2261
2677
5379
71
1399
6217
2523
7195
2604
9527
1326
7459
5288
8354
2377
9601
7855
94
8448
7123
1369
859
855
4664
7390
5065
8360
3179
3361
7285
4599
7177
4275
1174
9162
5034
8275
5604
7748
6266
2416
1052
930
8450
9504
698
6803
9219
4258
8134
3996
5310
7215
1249
4779
6187
9292
6441
5810
6857
3476
2625
7218
1240
6116
2566
9390
8335
4540
6414
8054
4276
1211
7050
9544
3410
8696
5129
8722
1740
395
3411
7483
1268
7474
2361
3890
9385
8307
2527
4539
5145
7081
8072
7694
3640
1550
6194
8805
2306
5324
8820
5087
2671
523
4473
2600
7003
1041
6048
3205
929
3136
9740
8480
6218
3797
5925
3164
950
1500
1421
9325
3606
1918
3718
8687
7398
5445
9635
8835
3569
9717
9537
1321
2490
6491
2956
3011
8830
8669
8957
171
7083
1011
450
455
5384
3905
1893
6624
2513
2933
4867
3788
1807
1175
6489
6822
1595
318
5713
7573
8940
1562
9705
5603
6904
2022
4892
6408
8729
3363
5955
9157
9152
5487
8304
8842
6150
9444
6236
7882
3798
9374
5109
3941
2239
8560
184
7854
7893
7489
3351
4293
5511
4697
7228
1866
6120
270
53
6641
861
3111
6411
5097
5316
7235
2348
4717
957
7156
3933
3126
7095
7468
8263
1915
1162
1362
3679
6851
3124
936
7650
1420
5801
850
7676
5018
8598
4030
6766
306
7638
9765
5672
8965
3909
5644
7690
7806
6425
7877
5795
7298
6600
64
7983
5668
1847
5209
3922
3620
3696
6122
3258
2254
8543
7606
322
3075
3160
9613
3190
2418
4052
7278
1334
2649
5024
2333
5329
4035
2885
1702
8776
1885
9357
224
6330
4713
2744
4566
2433
7363
9681
5304
8528
4108
7761
2669
4653
551
6360
4201
4126
3416
529
9209
8233
9806
7170
3297
3059
5610
1743
1659
5282
492
6436
9302
9507
6169
8221
9400
2994
2840
3835
3521
9764
1869
1832
349
612
2807
4524
9686
4223
3191
9263
8951
8655
3975
8165
3125
459
5208
1064
5982
1142
9961
4617
6036
1277
1488
2360
4287
8405
3237
6024
2435
2346
6743
5940
2498
1481
5816
9518
1035
4219
2717
6196
9669
5996
9018
4479
8117
5821
7961
8455
9517
6398
2974
7590
6759
543
9118
7734
571
2751
368
187
6151
5114
4260
8433
1525
2827
9413
7180
6314
7745
6333
1684
2373
3900
7356
9015
4893
3924
7042
2804
8718
4001
5484
2687
9425
3705
4991
51
8423
8155
1008
8475
4241
5736
7844
8814
5021
2133
9285
8582
5914
4832
515
1097
548
7306
7519
915
3064
2078
8681
88
3547
389
3101
6767
9687
5475
8135
9565
6351
8020
4236
1997
7871
4365
7071
758
8657
1818
9655
2781
7058
4761
7571
3130
8324
7682
3241
7644
243
9446
6393
5224
9546
6270
2472
2542
4712
6891
6980
8731
4503
1948
8401
221
4741
7142
4989
8319
7615
3273
3405
9402
7141
7956
3716
3980
4345
7391
7237
5660
8246
4452
5080
9327
605
5506
9523
3578
768
7542
7655
6198
3524
4552
3541
8728
9609
6861
4064
8409
1507
1928
5796
4792
8606
1878
1330
791
2771
3966
3165
8202
6541
6152
6514
7109
8111
8352
9000
1443
8216
4618
9902
9934
8998
4380
1083
8373
6479
9311
4494
2835
9499
2470
1781
9046
4581
239
6573
5829
1888
9430
8604
6041
9380
77
8156
5134
6264
4801
7729
2499
49
3203
9981
3388
8041
6310
1512
8590
8079
8538
6507
7077
2681
180
3618
5187
4379
1210
9139
9167
1879
9095
5707
4666
4046
7823
1361
470
4309
6648
5948
7657
7686
6850
6487
2560
822
1742
8610
6117
2735
8524
5939
4250
7230
985
7135
2538
2476
796
4357
4517
1124
9582
5535
3063
8484
4575
1053
6546
6233
9913
3502
1267
4270
7407
6617
2884
762
5451
3084
3292
6974
8789
5064
6900
5132
4414
3709
8024
835
5260
7544
7121
9022
6802
9947
8498
2063
8055
3442
8116
3083
926
3150
6636
82
9983
2811
3270
764
5919
708
1664
968
3583
8802
1213
8620
8406
6188
8453
6484
8402
1855
2825
4541
1697
1615
72
6719
4226
1107
3928
3483
5611
1155
6265
2150
2898
1680
7887
188
7798
824
2454
1809
6701
165
8836
4501
7160
7051
1342
5663
3389
3814
5216
9976
7415
181
8542
415
935
5279
6289
8396
1661
9904
9275
442
7569
3998
5210
2727
3623
8991
3003
4461
4238
5213
1012
8212
7333
4197
5767
6936
757
5175
83
7702
2290
956
9561
7493
4819
3935
9688
4116
4500
9088
6605
4349
9962
6214
2837
963
4233
4856
3334
7310
5371
7334
3616
9496
4483
1457
5811
7108
5405
3262
6064
8456
1302
9049
2383
5186
7758
8939
819
8320
6919
8846
7292
4431
9880
2289
4453
9888
4013
3226
5048
3762
1793
6352
9485
5568
9972
4674
4148
3748
2275
5719
7309
3887
817
5325
9186
1055
1129
9441
375
2375
4378
2420
1825
7179
2929
5881
411
958
7111
7913
3769
2776
8984
980
7740
4443
5357
1783
8059
2027
3469
4650
5981
656
3314
2062
2332
2539
8436
8395
6643
2159
8660
2198
8463
8692
3286
3978
6446
6697
6005
6913
5715
6182
7518
1198
7814
8865
9351
7183
4737
8628
2474
480
6594
2105
2125
6747
1819
5104
4521
5935
1170
8152
1794
3884
447
5873
371
2690
5402
1521
3008
7038
1425
3628
4376
7965
8414
3429
1026
6979
1826
6590
8631
2791
3981
650
8300
9560
7941
2949
5561
8673
4810
8833
48
1537
5439
6565
8032
5615
2916
6735
4971
7021
458
2272
8481
4955
156
4131
327
1036
7234
7115
9074
3778
5797
1909
5253
3782
1598
2324
464
7563
5930
8437
3302
3988
4328
4022
7721
2797
1194
8694
1169
5443
3953
8499
4368
3972
8340
610
3634
9479
5244
4672
7454
7458
6830
1349
9608
7289
2200
9548
7271
9960
9307
6915
7274
6281
7152
5799
4625
9591
4408
9810
9438
2124
940
3698
8427
2167
9535
1780
6185
5172
5228
8516
3619
4929
3695
2449
2790
788
8979
2815
5868
8443
4633
7155
1636
8001
1197
6087
9289
5911
5319
8941
3477
603
4559
6327
8017
8827
2147
9468
5457
2285
5471
2128
932
4298
6429
644
3208
6973
5335
5430
6195
1122
7872
8167
9922
2673
4627
1381
6754
7164
2301
5798
8227
2093
9201
8762
7165
9326
8000
897
8365
4103
8824
45
6686
4895
8278
3551
1647
1464
347
4296
3544
2985
7611
2873
1027
4690
8644
5771
5626
7392
5549
978
7928
2462
4512
7319
1146
7167
2455
4950
2621
1068
377
8175
4158
4588
6482
3305
2759
5499
3915
3071
4144
4445
4701
8312
1903
7103
9963
4913
7741
9783
405
4050
4476
5142
6815
1610
3985
6442
8531
4049
1691
5637
7869
2868
9899
8747
1753
5336
5491
5876
685
6696
8670
1009
3030
4904
5193
2640
632
5954
376
9418
7219
1872
3863
3337
7092
1657
2912
1419
7139
3728
7841
2822
9028
2050
3848
3647
285
2341
8666
9176
8976
6377
5967
140
8527
1708
3691
2618
8708
2574
4486
1106
245
8326
5300
4624
4220
484
1955
5832
5994
5934
3896
1070
1568
8208
7488
6899
7352
1989
7131
5249
4279
5089
4765
3501
9281
6350
6268
7699
3120
9486
1945
1103
7192
5250
2174
238
4564
8816
9653
805
1894
300
693
2234
2091
6225
7009
9067
9766
8691
6737
2100
5703
362
659
9506
5772
4041
3882
265
8457
4818
3642
7118
5759
3065
1343
3790
8173
9458
131
1263
8407
6159
4604
9102
1338
3004
4537
4456
8474
3829
1759
4416
155
9433
3951
3959
8486
6335
6549
6574
3645
3
95
17
5857
7096
7614
4519
6505
3100
9618
2962
4147
4548
6921
6810
2768
6658
9873
3601
195
8702
3605
4657
7596
1387
7998
1699
5805
9421
2214
7671
9769
3076
5480
8093
9932
3737
3742
9410
9693
2951
9626
1583
7575
7072
5749
7162
4799
6465
1748
8071
4526
8346
3138
982
4909
6896
3097
6142
73
9651
1655
7784
1953
4124
8526
7989
7220
7490
8782
7002
4114
9244
9689
1380
914
7864
308
8492
3189
5597
7929
6820
9242
4039
1358
739
8962
1503
1402
833
3839
3031
255
9629
663
3556
7065
4933
5348
2927
8591
438
5641
736
888
6315
9910
8034
8129
9604
6662
4091
2586
6589
1241
6238
1188
1640
2515
4659
1887
5976
7036
513
8936
4097
502
7305
7453
9453
3025
6105
9061
9554
7803
7870
2006
6339
9367
7986
4708
7297
7313
3128
6645
2048
8573
3881
4107
6382
6364
4739
8575
7975
954
9495
7797
8515
5501
700
4170
2052
8839
1023
8222
1946
7194
1458
4227
1773
2403
8765
7205
6421
6463
5932
9407
5340
7715
2164
8177
4665
3427
6015
382
3318
7250
851
4346
2587
9718
751
1483
973
5651
6418
8624
913
7504
9964
7543
6096
8537
9270
1322
1134
7202
3840
3078
5437
7110
3315
7666
9719
5608
7011
2990
6536
1839
330
3984
7198
6212
9927
9842
2713
4499
8321
8065
880
4253
673
57
7396
1366
1119
7175
3294
4601
18
5125
3249
2952
2178
8163
7120
6970
6618
6762
2944
3593
2615
8711
6494
5779
8182
2597
9776
3117
9743
6801
5413
9267
9865
5751
8980
9405
6655
6156
9093
842
7834
4949
9363
8727
856
9440
8662
9195
8892
9918
8393
5616
8855
2561
3946
2838
4405
3538
3991
2140
8653
9466
7908
4094
2940
150
8500
8643
3614
7835
9435
3494
3375
1654
5632
7154
4228
6665
7337
2609
8556
439
2322
8002
943
1472
7275
2866
7060
6564
2614
7130
6688
9908
2453
1858
7555
158
1627
5777
6885
9825
5406
9780
8342
1756
2998
7457
7326
6135
3599
3699
6836
6069
5020
5473
7985
2464
1382
2879
3259
5952
2335
1189
7171
7912
4245
6068
9010
6962
4472
8972
2894
7280
1737
6865
6014
1625
2201
2705
1974
6965
9931
9982
136
8788
8094
3899
1629
9255
6447
4111
1644
1337
7746
5573
1840
5683
9184
6119
41
434
4092
720
4058
9568
8200
9971
8623
4464
6197
2698
9175
7456
138
8737
3573
2229
1531
4438
3734
6356
4776
508
7190
1126
121
3227
7878
5299
691
8421
4700
4326
9558
4631
1320
2928
2337
1641
3118
3196
8609
6286
7186
343
7919
7395
4112
6033
3267
9193
9329
6437
6997
8942
7589
5289
4787
5401
7906
4966
2374
139
359
3770
9700
3708
4265
2182
6819
5776
7709
1995
5553
9161
5418
9288
9759
1485
1552
3295
616
3706
3917
7832
3378
4960
5466
9271
8361
490
9493
924
5118
2603
6669
9576
2357
7101
1111
3166
2212
5423
5245
2220
9189
8532
4353
9572
3997
8356
6894
9134
2180
4746
9483
7829
536
8184
5395
3287
189
6471
3443
6926
1867
4317
7261
6346
230
625
5531
2646
1942
9213
5496
2750
4343
4061
1164
5261
5330
635
5367
2297
7169
6841
1376
9869
2127
2492
1778
7652
6039
6516
4003
1540
5459
8203
1072
207
2042
2757
3855
4385
3370
7148
340
7020
8859
8780
1851
2935
1024
6006
7645
4536
4569
7010
305
2904
4507
422
6635
3612
4139
7737
7097
4952
4118
9532
7897
6682
2118
6935
9607
585
9396
5071
4177
9362
3092
633
9060
8408
9259
4463
9404
4967
3923
5050
1762
5600
3891
7903
6957
8497
1565
162
7999
2088
1964
67
6949
6415
8533
761
2899
7933
7967
4310
5924
649
1145
1554
6632
8947
3751
8794
7373
1259
2799
1798
1984
8364
674
891
242
6242
2882
9713
6825
9596
4333
6969
3159
4728
2308
9691
9169
3048
908
7168
6112
2217
808
6700
1571
6621
3621
922
9228
6805
9575
329
4590
2793
2463
4352
8339
3322
781
3622
3254
3916
7960
8449
6458
26
7595
2695
3072
5567
6548
5458
7789
6877
701
5431
3289
7630
4251
7804
7639
5377
6344
4615
9712
1429
9621
8931
9603
8501
4471
7764
7029
6883
9221
9115
1800
5301
3517
925
1862
2853
8743
7863
3781
5892
5824
390
1645
8635
6875
453
7446
5105
2132
8878
6649
8932
1484
7001
1975
1236
4561
3461
2580
5913
6938
2818
2207
5083
3913
8857
7972
3307
8213
9838
2756
3132
9852
7299
5676
1000
3663
6998
7260
3434
2478
8699
4454
3871
3073
4652
4132
7856
5957
8599
6121
9559
6897
8551
2343
2329
6257
4281
6512
9050
8586
4570
4879
7318
696
3006
9151
6157
4685
606
223
1163
8746
7722
5665
6162
4956
5085
4493
7231
1673
7418
2372
8983
5648
5492
8153
35
4661
8193
286
3239
4644
8926
5012
9646
4441
638
670
8683
6035
3813
3275
6856
8240
7520
433
6751
1795
4878
5880
8430
316
9040
5962
6959
593
5374
1769
240
8882
7718
8379
3723
7046
8738
2875
1939
4851
5063
9360
9770
132
2092
4212
210
9863
2708
3704
1225
586
2650
9549
9318
9896
1413
1710
8279
511
2922
4716
2516
7014
179
1613
9638
4374
1015
9473
8225
6895
2171
2810
116
1556
6742
5240
4179
5991
6964
7540
2378
5424
9531
6796
4749
4010
2761
350
2843
2588
5890
8640
7206
4784
1900
9598
5659
5545
2517
8389
3783
7471
2550
5322
6570
8306
2653
5591
5131
8008
4803
8634
6519
5864
3533
3328
5547
4725
4398
2812
1567
78
66
6412
4183
93
6659
3721
3711
8627
5691
466
6368
1539
9071
8769
2856
5051
3037
3646
3339
4798
1672
1281
3248
8029
6329
9836
5697
9006
4654
5338
6223
3081
4082
6934
5897
9915
7731
6001
7564
1564
86
1274
2954
8689
118
9911
8104
6638
1578
87
1255
5733
4342
268
6480
9217
4478
5870
2173
3000
9107
5893
4755
8318
2675
3968
7815
9055
669
6283
9035
3478
9538
555
8019
4369
5346
1154
1368
6472
4626
4362
8012
9710
899
191
1527
3036
6981
7064
6884
3380
7982
2242
9990
8073
274
7063
2536
8603
9490
2813
6685
3674
3676
3210
4782
5552
9272
2543
4766
6488
3925
7173
6299
6204
7028
9428
7574
198
901
9818
1803
938
5225
9815
8314
7423
9925
4021
6019
5293
6201
5315
3700
4719
5078
7441
5737
8440
5852
6247
4423
8432
8630
4586
2915
9223
9330
5874
6254
5470
4458
4812
7662
7677
5196
3260
5500
1805
6817
1788
7417
9666
7400
3525
7238
5804
9762
2715
1860
8987
8964
208
4301
3901
1523
4646
4557
4984
2295
8031
6060
8534
1996
7128
8257
1303
9987
4370
5636
412
3918
7900
8636
7481
4188
9707
2350
9552
6341
6088
4645
5728
797
4424
9133
1452
7861
2410
9347
3789
2521
483
8732
301
1133
9624
9211
9116
5570
6385
193
6232
3638
1815
9370
7578
1017
2530
3493
3694
7811
8612
102
8385
3903
9786
907
2287
4580
546
6148
5664
7858
2102
2168
7475
8505
3697
8629
8337
3495
1817
3140
3038
6946
2009
5110
200
5103
501
7732
99
33
1876
8042
9124
5076
6149
5397
7918
6171
6760
3927
6923
421
6571
4387
7556
7733
7222
1351
8229
380
3340
9229
36
2030
8235
9202
6042
4994
8303
8757
6498
4726
9381
8889
3575
7294
6372
2937
1875
1880
32
1624
3936
5726
4687
9857
3433
2924
9516
7086
3456
1042
769
2505
6800
419
3042
3804
8391
524
5916
2218
5842
8758
9447
96
8190
9553
9649
682
197
4768
8362
104
9721
1553
829
3810
6164
3846
6313
6312
9850
1480
2559
9415
9069
3878
2342
7290
8445
5522
8879
486
2345
1925
8124
4639
1994
6453
9811
9319
4056
5599
4450
4421
6387
9698
5495
8866
5936
2808
594
6306
3381
1845
9053
7879
2686
5802
1019
9884
5442
3257
2443
262
6554
9129
9191
7940
6816
3847
4192
5117
6593
5361
8295
9243
6032
9296
5479
3837
6693
4059
3608
7979
2683
6823
3198
5582
2881
4759
410
705
1776
9251
9345
2969
7629
2564
7868
8199
2577
1698
2634
9529
9942
105
8808
4889
4440
117
3284
5508
1620
5630
6795
237
8863
5782
8566
3607
734
4277
4079
4195
8999
9830
55
4790
4467
738
8166
1490
4153
1298
3720
6914
6108
971
1287
715
1992
3771
5409
2049
5826
7117
8774
3453
5579
8068
310
76
3438
5791
8777
4953
9837
4040
2325
3455
3422
284
5588
5902
746
4152
8917
8270
721
5514
2718
7514
1935
7061
6711
3956
8615
3724
2901
6207
6390
655
1086
596
3170
9436
7966
3466
4292
8703
9737
8255
6435
8706
6835
4584
811
1719
4143
3535
7343
5834
2352
5237
4970
9009
1726
2126
8986
6732
1686
5198
1969
2958
9144
6226
5978
8791
1820
92
573
4077
9524
1001
7782
8358
3637
5686
2031
4206
8067
5865
2386
9997
5421
2192
5701
4935
1037
2313
154
8803
3352
6907
5931
2635
1020
725
1316
4319
1373
9874
5861
7460
8187
959
1648
654
7708
1543
7665
2556
6925
4827
8806
2909
9966
8639
9540
887
6273
6620
1978
178
5435
1285
2008
3472
7089
2826
9001
7976
9795
9807
7641
493
9988
6154
3444
747
2772
4731
2747
401
7987
20
9282
7628
4683
8838
3386
8132
563
8645
6860
8252
111
2633
1288
8861
8016
4491
3301
5741
137
8969
5774
4866
8561
2529
7057
4185
631
1561
8398
8174
4938
9536
7526
9736
2340
4704
3017
2839
7185
6750
5980
9674
4070
4054
9498
2114
6373
5429
84
3407
3197
356
325
9077
5150
7759
4702
7429
8502
6712
3200
763
6960
8997
4981
8748
6872
5176
5047
5042
5477
8800
106
7093
4335
1933
2075
7808
5770
8874
2976
718
4555
9403
4389
2980
2262
525
9849
5566
9835
4999
4160
7836
4522
5822
2412
4846
528
9234
2992
1828
3889
5029
8192
2162
7697
9066
6556
4068
5013
5072
3600
1767
1623
5838
3162
5233
1728
1516
8315
8374
3802
8298
9860
3377
1266
9331
3188
4873
338
1802
7739
5628
3736
9411
9855
6651
8441
4475
6300
6004
2831
81
687
9096
258
5373
2292
9986
8482
4448
9919
3594
7609
1931
2407
1965
3454
5721
6434
5863
5180
2540
2390
3012
7406
8431
2025
1105
6611
6952
4062
1626
1242
4217
7738
2401
321
4415
8038
1309
8214
9521
8739
9625
9220
8089
7413
6584
8899
4215
7188
5463
8539
9239
2784
557
56
6170
9231
5969
1631
2110
1253
5284
2439
8910
6332
3877
9841
7025
8761
2428
3222
4807
4733
8508
7402
6615
9149
1652
3537
1835
5835
5544
8825
3033
9975
7925
3263
430
2688
326
6461
2191
503
2363
3426
3864
4802
2943
6160
3965
2645
266
5067
6386
3157
1059
6687
9881
3274
9284
2989
9505
5099
2731
7790
5998
1530
1750
8284
7801
5177
6916
5375
9048
8749
9204
2699
5918
9099
5833
9111
3643
1417
9970
3035
5138
6577
953
7325
9439
6609
4506
1319
6279
8075
97
7253
776
5502
4816
7693
834
5627
4211
4885
9644
8063
9366
951
2743
1572
8160
6818
9178
1801
8541
9235
6131
4544
5467
7769
2355
5095
9334
3979
6993
2069
5436
3902
2059
2366
431
8868
6753
8313
5711
5999
3850
827
3701
7512
1515
273
5722
4996
5650
5362
4520
234
5731
7895
8710
8676
9249
5229
9283
3989
4015
1947
2397
8864
5576
2684
9984
416
6984
8851
2726
8877
5693
7098
9340
2241
9588
9581
408
7579
893
3755
1874
7022
4033
5869
9036
3068
7770
7378
1323
2666
8035
7372
1466
3467
1863
6337
4780
8585
8494
9426
2265
1504
2245
9039
8784
4729
9179
9409
6578
204
3842
4306
2086
7287
1412
4621
8416
9338
1717
1730
7240
2950
1079
9682
5490
5096
1235
2206
6761
3549
4817
317
4198
2660
3229
6271
6456
2238
89
4837
2481
9449
9451
1563
4433
6840
5450
9200
1209
9906
1224
1493
9412
8219
7541
5028
5505
6025
4162
3447
7689
2817
2468
6272
9941
1765
6413
4884
7124
3167
1340
5689
482
5236
9699
6136
6125
2522
3774
6326
9159
3589
3942
6863
6664
3867
6092
5525
787
5818
4973
9632
4833
5312
9005
8594
934
7711
4591
5366
1021
6037
7642
8595
4224
6134
5398
3650
3615
8217
2753
7242
252
6606
865
8981
574
9377
1005
5052
7041
7068
5690
5015
619
6614
9858
6255
2130
4823
1574
4585
134
8091
3440
5762
4954
5613
3234
1971
6404
879
8697
3151
7927
2045
7385
3791
323
9064
863
6250
6927
9371
7099
2709
8371
9933
1102
7449
4732
2151
5091
3293
1668
1271
3584
5886
2571
6166
2594
3209
6859
778
3102
621
3717
1344
5130
1924
9434
8885
6260
7480
4797
6529
8444
8461
5973
526
8341
5652
9322
2936
9782
8514
3732
1143
2888
7691
6694
6736
4388
9368
8568
5136
5534
9627
5192
9534
9661
1683
6707
3597
8764
8338
8027
8901
1968
6731
3508
919
9032
1308
3186
6044
7346
1226
432
9489
4089
905
1057
1566
8258
645
1388
3488
4722
5540
9826
6678
7409
5894
8096
342
5621
9748
6990
8081
7047
1849
119
3870
3558
4176
1168
1837
1356
5960
6972
3805
3397
9631
2605
8912
5653
373
6873
2617
2887
2721
5695
564
3319
203
335
8092
9146
2961
6958
2678
5792
441
435
9232
2129
114
2187
5516
8271
813
6722
8770
2070
1895
4656
883
5290
5598
5975
9373
6376
8856
4302
2196
2054
532
3435
361
5754
7583
6595
3195
6113
803
8553
1081
9173
9861
1436
5337
4163
3703
2960
2655
3277
3418
5060
1519
1979
9844
4983
2083
7467
2177
1991
1475
6114
6259
2696
4511
3559
4428
496
1865
4876
7812
4432
2209
370
8051
1843
689
5303
3225
8658
2639
3458
6699
9573
2531
849
9085
7443
4178
2528
9012
6502
9353
3333
278
8933
201
608
192
4341
291
8886
3156
8323
2305
1729
4117
8489
2862
4213
8353
4164
8435
6470
6909
5286
2500
1318
7246
4577
7015
167
7035
6375
8452
884
9792
8223
3532
3667
8716
8601
7307
7470
1360
3392
6798
9075
4670
8755
7217
6040
1898
3702
7562
5742
3710
1476
5620
9590
8787
6903
5349
3763
6660
8896
4612
4574
6547
4034
146
9369
3672
2122
7932
4167
2993
5455
8368
3423
8146
2247
6183
9695
9419
939
3308
7450
3591
5773
6812
6496
5326
5594
530
2424
218
1385
7539
2598
3019
5239
5320
4550
8465
1534
2231
1936
9694
3390
8355
6756
7883
648
5278
877
4289
6323
8913
6797
665
3481
4554
355
5446
9513
5396
9394
5710
4090
5878
591
6303
646
8487
4422
2095
1176
5823
6294
6180
4269
2787
830
1703
5184
6922
